sensor_ID	sensor_observation	absolute_sensor_position_x	absolute_sensor_position_y	absolute_sensor_position_z	sampling_time_utc	sampling_date	left_utc	left_elevation	left_long	left_lat	long_zone	lat_zone	left_utm_x	left_utm_y	right_utc	right_elevation	right_long	right_lat	right_utm_x	right_utm_y	sensor_offset_x_from_left_gps	sensor_offset_y_from_left_gps	sensor_offset_z_from_left_gps	sensor_observation_2	sensor_observation_3	sensor_observation_4	sensor_observation_5
CCL_AC000304	0.56700	705786.3429	4334230.5596	312.39	18:19:02.2	2015/05/19	181902.2	312.42	-96.6191867	39.1329540	14	S	705784.7401	4334230.0972	181902.2	312.36	-96.6191583	39.1329532	705787.2004	4334230.0711	1.6	0.48	1.048	1.92600	0.04190	0.15170	0.05190
CCL_AC000259	0.60000	705785.6339	4334230.5671	312.39	18:19:02.2	2015/05/19	181902.2	312.42	-96.6191867	39.1329540	14	S	705784.7401	4334230.0972	181902.2	312.36	-96.6191583	39.1329532	705787.2004	4334230.0711	0.89	0.48	1.048	0.44100	0.04170	0.16690	0.06470
CCL_AC000304	0.57000	705786.3429	4334230.5596	312.39	18:19:02.2	2015/05/19	181902.2	312.42	-96.6191867	39.1329540	14	S	705784.7401	4334230.0972	181902.2	312.36	-96.6191583	39.1329532	705787.2004	4334230.0711	1.6	0.48	1.048	1.64200	0.04160	0.15190	0.05750
CCL_AC000259	0.60300	705785.6327	4334230.5661	312.39	18:19:02.4	2015/05/19	181902.4	312.42	-96.6191868	39.1329540	14	S	705784.7387	4334230.0953	181902.2	312.36	-96.6191583	39.1329532	705787.2004	4334230.0711	0.89	0.48	1.048	0.44600	0.04090	0.16490	0.06320
CCL_AC000304	0.57500	705786.3426	4334230.5607	312.4	18:19:02.4	2015/05/19	181902.4	312.42	-96.6191868	39.1329540	14	S	705784.7387	4334230.0953	181902.4	312.37	-96.6191583	39.1329532	705787.2018	4334230.0730	1.6	0.48	1.048	1.64300	0.04140	0.15340	0.05810
CCL_AC000259	0.61000	705785.6328	4334230.5671	312.4	18:19:02.4	2015/05/19	181902.4	312.42	-96.6191868	39.1329540	14	S	705784.7387	4334230.0953	181902.4	312.37	-96.6191583	39.1329532	705787.2018	4334230.0730	0.89	0.48	1.048	0.43100	0.04150	0.17100	0.06790
CCL_AC000304	0.58200	705786.3426	4334230.5607	312.4	18:19:02.4	2015/05/19	181902.4	312.42	-96.6191868	39.1329540	14	S	705784.7387	4334230.0953	181902.4	312.37	-96.6191583	39.1329532	705787.2018	4334230.0730	1.6	0.48	1.048	1.43200	0.04090	0.15490	0.06370
CCL_AC000259	0.60500	705785.6328	4334230.5671	312.4	18:19:02.4	2015/05/19	181902.4	312.42	-96.6191868	39.1329540	14	S	705784.7387	4334230.0953	181902.4	312.37	-96.6191583	39.1329532	705787.2018	4334230.0730	0.89	0.48	1.048	0.44700	0.04240	0.17220	0.06590
CCL_AC000304	0.57300	705786.3430	4334230.5622	312.39	18:19:02.6	2015/05/19	181902.6	312.42	-96.6191867	39.1329540	14	S	705784.7401	4334230.0972	181902.6	312.36	-96.6191583	39.1329532	705787.2017	4334230.0748	1.6	0.48	1.048	1.53600	0.03980	0.14670	0.05790
CCL_AC000259	0.60700	705785.6337	4334230.5687	312.39	18:19:02.6	2015/05/19	181902.6	312.42	-96.6191867	39.1329540	14	S	705784.7401	4334230.0972	181902.6	312.36	-96.6191583	39.1329532	705787.2017	4334230.0748	0.89	0.48	1.048	0.44600	0.04150	0.16980	0.06500
CCL_AC000304	0.58400	705786.3430	4334230.5622	312.39	18:19:02.6	2015/05/19	181902.6	312.42	-96.6191867	39.1329540	14	S	705784.7401	4334230.0972	181902.6	312.36	-96.6191583	39.1329532	705787.2017	4334230.0748	1.6	0.48	1.048	1.89600	0.04100	0.15600	0.05390
CCL_AC000259	0.60900	705785.6337	4334230.5687	312.39	18:19:02.6	2015/05/19	181902.6	312.42	-96.6191867	39.1329540	14	S	705784.7401	4334230.0972	181902.6	312.36	-96.6191583	39.1329532	705787.2017	4334230.0748	0.89	0.48	1.048	0.47000	0.04170	0.17160	0.06190
CCL_AC000304	0.58000	705786.3419	4334230.5612	312.4	18:19:02.8	2015/05/19	181902.8	312.42	-96.6191868	39.1329540	14	S	705784.7388	4334230.0935	181902.8	312.37	-96.6191583	39.1329532	705787.2017	4334230.0748	1.6	0.48	1.048	1.77500	0.04040	0.15220	0.05480
CCL_AC000259	0.61700	705785.6321	4334230.5666	312.4	18:19:02.8	2015/05/19	181902.8	312.42	-96.6191868	39.1329540	14	S	705784.7388	4334230.0935	181902.8	312.37	-96.6191583	39.1329532	705787.2017	4334230.0748	0.89	0.48	1.048	0.43300	0.04080	0.17230	0.06820
CCL_AC000304	0.59100	705786.3419	4334230.5612	312.4	18:19:02.8	2015/05/19	181902.8	312.42	-96.6191868	39.1329540	14	S	705784.7388	4334230.0935	181902.8	312.37	-96.6191583	39.1329532	705787.2017	4334230.0748	1.6	0.48	1.048	1.89200	0.04020	0.15640	0.05410
CCL_AC000259	0.61500	705785.6321	4334230.5666	312.4	18:19:02.8	2015/05/19	181902.8	312.42	-96.6191868	39.1329540	14	S	705784.7388	4334230.0935	181902.8	312.37	-96.6191583	39.1329532	705787.2017	4334230.0748	0.89	0.48	1.048	0.46400	0.04150	0.17370	0.06360
CCL_AC000304	0.58500	705786.3430	4334230.5622	312.4	18:19:03.0	2015/05/19	181903.0	312.43	-96.6191867	39.1329540	14	S	705784.7401	4334230.0972	181902.8	312.37	-96.6191583	39.1329532	705787.2017	4334230.0748	1.6	0.48	1.048	1.41300	0.04060	0.15510	0.06430
CCL_AC000259	0.60900	705785.6335	4334230.5677	312.4	18:19:03.0	2015/05/19	181903.0	312.43	-96.6191867	39.1329540	14	S	705784.7401	4334230.0972	181903.0	312.36	-96.6191583	39.1329532	705787.2003	4334230.0729	0.89	0.48	1.048	0.46900	0.04150	0.17050	0.06160
CCL_AC000304	0.59200	705786.3425	4334230.5607	312.4	18:19:03.0	2015/05/19	181903.0	312.43	-96.6191867	39.1329540	14	S	705784.7401	4334230.0972	181903.0	312.36	-96.6191583	39.1329532	705787.2003	4334230.0729	1.6	0.48	1.048	1.65400	0.03970	0.15490	0.05840
CCL_AC000259	0.60500	705785.6329	4334230.5653	312.39	18:19:03.2	2015/05/19	181903.2	312.42	-96.6191867	39.1329540	14	S	705784.7402	4334230.0935	181903.0	312.36	-96.6191583	39.1329532	705787.2003	4334230.0729	0.89	0.48	1.048	0.43400	0.04170	0.16930	0.06690
CCL_AC000304	0.57400	705786.3423	4334230.5609	312.4	18:19:03.2	2015/05/19	181903.2	312.42	-96.6191867	39.1329540	14	S	705784.7402	4334230.0935	181903.2	312.37	-96.6191583	39.1329532	705787.2017	4334230.0748	1.6	0.48	1.048	1.62900	0.04060	0.15030	0.05720
CCL_AC000259	0.60400	705785.6330	4334230.5663	312.4	18:19:03.2	2015/05/19	181903.2	312.42	-96.6191867	39.1329540	14	S	705784.7402	4334230.0935	181903.2	312.37	-96.6191583	39.1329532	705787.2017	4334230.0748	0.89	0.48	1.048	0.45600	0.04170	0.16920	0.06320
CCL_AC000304	0.56500	705786.3423	4334230.5609	312.4	18:19:03.2	2015/05/19	181903.2	312.42	-96.6191867	39.1329540	14	S	705784.7402	4334230.0935	181903.2	312.37	-96.6191583	39.1329532	705787.2017	4334230.0748	1.6	0.48	1.048	1.63000	0.04090	0.14680	0.05580
CCL_AC000259	0.60400	705785.6315	4334230.5680	312.4	18:19:03.4	2015/05/19	181903.4	312.42	-96.6191868	39.1329540	14	S	705784.7373	4334230.0953	181903.2	312.37	-96.6191583	39.1329532	705787.2017	4334230.0748	0.89	0.48	1.048	0.45100	0.04110	0.16660	0.06300
CCL_AC000304	0.57400	705786.3417	4334230.5621	312.4	18:19:03.4	2015/05/19	181903.4	312.42	-96.6191868	39.1329540	14	S	705784.7373	4334230.0953	181903.2	312.37	-96.6191583	39.1329532	705787.2017	4334230.0748	1.6	0.48	1.048	1.60600	0.04140	0.15330	0.05880
CCL_AC000259	0.60900	705785.6309	4334230.5668	312.4	18:19:03.4	2015/05/19	181903.4	312.42	-96.6191868	39.1329540	14	S	705784.7373	4334230.0953	181903.4	312.37	-96.6191583	39.1329532	705787.1989	4334230.0729	0.89	0.48	1.048	0.43400	0.04120	0.16950	0.06690
CCL_AC000304	0.57500	705786.3402	4334230.5603	312.4	18:19:03.4	2015/05/19	181903.4	312.42	-96.6191868	39.1329540	14	S	705784.7373	4334230.0953	181903.4	312.37	-96.6191583	39.1329532	705787.1989	4334230.0729	1.6	0.48	1.048	1.68300	0.04060	0.15030	0.05600
CCL_AC000259	0.60700	705785.6309	4334230.5668	312.4	18:19:03.4	2015/05/19	181903.4	312.42	-96.6191868	39.1329540	14	S	705784.7373	4334230.0953	181903.4	312.37	-96.6191583	39.1329532	705787.1989	4334230.0729	0.89	0.48	1.048	0.44400	0.04090	0.16740	0.06440
CCL_AC000304	0.56600	705786.3406	4334230.5610	312.4	18:19:03.6	2015/05/19	181903.6	312.43	-96.6191868	39.1329540	14	S	705784.7372	4334230.0971	181903.4	312.37	-96.6191583	39.1329532	705787.1989	4334230.0729	1.6	0.48	1.048	1.72400	0.04160	0.15040	0.05520
CCL_AC000259	0.60800	705785.6313	4334230.5689	312.4	18:19:03.6	2015/05/19	181903.6	312.43	-96.6191868	39.1329540	14	S	705784.7372	4334230.0971	181903.6	312.37	-96.6191583	39.1329532	705787.2003	4334230.0748	0.89	0.48	1.048	0.45500	0.04150	0.17020	0.06380
CCL_AC000304	0.58200	705786.3411	4334230.5625	312.4	18:19:03.6	2015/05/19	181903.6	312.43	-96.6191868	39.1329540	14	S	705784.7372	4334230.0971	181903.6	312.37	-96.6191583	39.1329532	705787.2003	4334230.0748	1.6	0.48	1.048	1.70000	0.04080	0.15410	0.05710
CCL_AC000259	0.61400	705785.6313	4334230.5689	312.4	18:19:03.6	2015/05/19	181903.6	312.43	-96.6191868	39.1329540	14	S	705784.7372	4334230.0971	181903.6	312.37	-96.6191583	39.1329532	705787.2003	4334230.0748	0.89	0.48	1.048	0.46100	0.04100	0.17160	0.06330
CCL_AC000304	0.57500	705786.3438	4334230.5634	312.4	18:19:03.8	2015/05/19	181903.8	312.43	-96.6191868	39.1329540	14	S	705784.7386	4334230.0990	181903.8	312.37	-96.6191583	39.1329532	705787.2032	4334230.0748	1.6	0.48	1.048	1.87400	0.04100	0.15180	0.05280
CCL_AC000259	0.61600	705785.6336	4334230.5704	312.4	18:19:03.8	2015/05/19	181903.8	312.43	-96.6191868	39.1329540	14	S	705784.7386	4334230.0990	181903.8	312.37	-96.6191583	39.1329532	705787.2032	4334230.0748	0.89	0.48	1.048	0.48700	0.04090	0.17230	0.05950
CCL_AC000304	0.58300	705786.3438	4334230.5634	312.4	18:19:03.8	2015/05/19	181903.8	312.43	-96.6191868	39.1329540	14	S	705784.7386	4334230.0990	181903.8	312.37	-96.6191583	39.1329532	705787.2032	4334230.0748	1.6	0.48	1.048	1.64300	0.03980	0.15100	0.05710
CCL_AC000259	0.60900	705785.6298	4334230.5696	312.4	18:19:04.0	2015/05/19	181904.0	312.43	-96.6191868	39.1329540	14	S	705784.7358	4334230.0953	181904.0	312.37	-96.6191583	39.1329532	705787.2016	4334230.0785	0.89	0.48	1.048	0.42800	0.04100	0.16890	0.06760
CCL_AC000304	0.55600	705786.3404	4334230.5648	312.4	18:19:04.0	2015/05/19	181904.0	312.43	-96.6191868	39.1329540	14	S	705784.7358	4334230.0953	181904.0	312.37	-96.6191583	39.1329532	705787.2016	4334230.0785	1.6	0.48	1.048	1.70100	0.04170	0.14630	0.05420
CCL_AC000259	0.60200	705785.6298	4334230.5696	312.4	18:19:04.0	2015/05/19	181904.0	312.43	-96.6191868	39.1329540	14	S	705784.7358	4334230.0953	181904.0	312.37	-96.6191583	39.1329532	705787.2016	4334230.0785	0.89	0.48	1.048	0.42700	0.04210	0.16950	0.06810
