9
1
2
3
4
9.31670375096
9
1
2
3
4
8.75377134964
9
1
2
3
4
9.19411150066
9
1
2
3
4
8.89791374881
9
1
2
3
4
9.64038549899
9
1
2
3
4
8.68065300191
9
1
2
3
4
9.7522324993
9
1
2
3
4
8.6305745508
9
1
2
3
4
9.16939414912
9
1
2
3
4
8.98641990111
9
1
2
3
4
9.71403109698
9
1
2
3
4
9.08025420268
9
1
2
3
4
8.86174169992
9
1
2
3
4
8.44913485032
9
1
2
3
4
8.77117530038
9
1
2
3
4
8.53558009962
9
1
2
3
4
9.14330620022
9
1
2
3
4
8.39723879847
9
1
2
3
4
9.30820235232
9
1
2
3
4
8.27168614729
9
1
2
3
4
8.84522160227
9
1
2
3
4
8.62664059838
9
1
2
3
4
9.29171325211
9
1
2
3
4
8.7352423993
9
1
2
3
4
9.02121704948
9
1
2
3
4
8.74474269836
9
1
2
3
4
8.95522680081
9
1
2
3
4
8.7758395992
9
1
2
3
4
9.2886094015
9
1
2
3
4
8.70501999982
9
1
2
3
4
9.51186330061
9
1
2
3
4
8.48727539918
9
1
2
3
4
9.14361755003
9
1
2
3
4
8.87441230039
9
1
2
3
4
9.52333879974
9
1
2
3
4
8.99535659928
9
1
2
3
4
8.9974070997
9
1
2
3
4
8.8465784018
9
1
2
3
4
8.93971804855
9
1
2
3
4
8.79769805004
9
1
2
3
4
9.19256534864
9
1
2
3
4
8.77996320126
9
1
2
3
4
9.44546120084
9
1
2
3
4
8.45169874912
9
1
2
3
4
9.16151564979
9
1
2
3
4
8.83321754966
9
1
2
3
4
9.43220070071
9
1
2
3
4
8.95301999862
9
1
2
3
4
8.88744300199
9
1
2
3
4
8.86254989909
9
1
2
3
4
8.83328095166
9
1
2
3
4
8.72938750015
9
1
2
3
4
9.01200779853
9
1
2
3
4
8.76321759989
9
1
2
3
4
9.28642390107
9
1
2
3
4
8.33690989972
9
1
2
3
4
9.08302825081
9
1
2
3
4
8.70367539689
9
1
2
3
4
9.25131555245
9
1
2
3
4
8.80688849997
9
1
2
3
4
8.82424610158
9
1
2
3
4
8.94943734922
9
1
2
3
4
8.81051175069
9
1
2
3
4
8.76831170169
9
1
2
3
4
8.94198574705
9
1
2
3
4
8.87786410062
9
1
2
3
4
9.28970650211
9
1
2
3
4
8.37489119958
9
1
2
3
4
9.19229504981
9
1
2
3
4
8.77095995026
9
1
2
3
4
9.29773640004
9
1
2
3
4
8.90271944864
9
1
2
3
4
8.77230739981
9
1
2
3
4
9.02877790062
9
1
2
3
4
8.77485689981
9
1
2
3
4
8.77619735181
9
1
2
3
4
8.85233104968
9
1
2
3
4
8.9460848005
9
1
2
3
4
9.23804679897
9
1
2
3
4
8.35860020024
9
1
2
3
4
9.22754450093
9
1
2
3
4
8.7575791995
9
1
2
3
4
9.24788879967
9
1
2
3
4
8.8923493507
9
1
2
3
4
8.77526530134
9
1
2
3
4
9.16612635
9
1
2
3
4
8.79134979885
9
1
2
3
4
8.84153530136
9
1
2
3
4
8.79432409818
9
1
2
3
4
9.0697374006
9
1
2
3
4
9.21680700057
9
1
2
3
4
8.37453209877
9
1
2
3
4
9.29894700061
9
1
2
3
4
8.76604260012
9
1
2
3
4
9.22192359934
9
1
2
3
4
8.9055888014
9
1
2
3
4
8.66474464885
9
1
2
3
4
9.19743990214
9
1
2
3
4
8.70973359988
9
1
2
3
4
8.81135050009
9
1
2
3
4
8.65781909946
9
1
2
3
4
9.10266014852
9
1
2
3
4
9.1382938523
9
1
2
3
4
8.3248145979
9
1
2
3
4
9.31531730245
9
1
2
3
4
8.73492179741
9
1
2
3
4
9.15791040103
9
1
2
3
4
8.88554504939
9
1
2
3
4
8.62889014912
9
1
2
3
4
9.29041710074
9
1
2
3
4
8.6964563017
9
1
2
3
4
8.8381085482
9
1
2
3
4
8.58766475011
9
1
2
3
4
9.20086079996
9
1
2
3
4
9.10024744974
9
1
2
3
4
8.32530384985
9
1
2
3
4
9.37499750147
9
1
2
3
4
8.74983864944
9
1
2
3
4
9.1340287007
9
1
2
3
4
8.90112479939
9
1
2
3
4
8.59137765068
9
1
2
3
4
9.39438974878
9
1
2
3
4
8.6795475508
9
1
2
3
4
8.87372344974
9
1
2
3
4
8.5030742985
9
1
2
3
4
9.29293065061
9
1
2
3
4
9.06789885074
9
1
2
3
4
8.32659405045
9
1
2
3
4
9.43413549909
9
1
2
3
4
8.75016730212
9
1
2
3
4
9.1031923483
9
1
2
3
4
8.91346040004
9
1
2
3
4
9.1850702501
9
1
2
3
4
8.97094480114
9
1
2
3
4
9.38687560055
9
1
2
3
4
9.27617549751
9
1
2
3
4
8.95865640038
9
1
2
3
4
9.08651400078
9
1
2
3
4
9.20528029976
9
1
2
3
4
8.9734844499
9
1
2
3
4
8.99789180013
9
1
2
3
4
9.13449559989
9
1
2
3
4
9.1947204998
9
1
2
3
4
8.46056259907
9
1
2
3
4
8.82864455137
9
1
2
3
4
8.68342244937
9
1
2
3
4
9.05009705052
9
1
2
3
4
8.92228225141
9
1
2
3
4
8.65975734842
9
1
2
3
4
8.7618101507
9
1
2
3
4
8.88135739969
9
1
2
3
4
8.67948929855
9
1
2
3
4
8.75119630189
9
1
2
3
4
8.7881867995
9
1
2
3
4
8.97301529907
9
1
2
3
4
8.19686165109
9
1
2
3
4
9.08761999846
9
1
2
3
4
9.00054445182
9
1
2
3
4
9.3435024464
9
1
2
3
4
9.19389250199
9
1
2
3
4
8.96315310063
9
1
2
3
4
9.04627390057
9
1
2
3
4
9.1699597488
9
1
2
3
4
8.98805869924
9
1
2
3
4
9.1163216003
9
1
2
3
4
9.05121500112
9
1
2
3
4
9.37366919822
9
1
2
3
4
8.50570854972
9
1
2
3
4
8.99742090178
9
1
2
3
4
8.96637784876
9
1
2
3
4
9.2547262006
9
1
2
3
4
9.07280839971
9
1
2
3
4
8.88647025006
9
1
2
3
4
8.92190344975
9
1
2
3
4
9.03730510006
9
1
2
3
4
8.87315144995
9
1
2
3
4
9.04613439945
9
1
2
3
4
8.85986005195
9
1
2
3
4
9.30352054822
9
1
2
3
4
8.36737249969
9
1
2
3
4
8.81537904887
9
1
2
3
4
8.83410904912
9
1
2
3
4
9.07011315052
9
1
2
3
4
8.8669307009
9
1
2
3
4
8.69892289877
9
1
2
3
4
8.70905479966
9
1
2
3
4
8.81447384995
9
1
2
3
4
8.66420975068
9
1
2
3
4
8.8646058485
9
1
2
3
4
8.58488540215
9
1
2
3
4
9.12179474888
9
1
2
3
4
8.13895179972
9
1
2
3
4
8.9174204001
9
1
2
3
4
8.99882990078
9
1
2
3
4
9.21278220051
9
1
2
3
4
8.99392704936
9
1
2
3
4
8.87220009969
9
1
2
3
4
8.85647745084
9
1
2
3
4
8.9732874991
9
1
2
3
4
8.85140484938
9
1
2
3
4
9.11868199968
9
1
2
3
4
8.72255125031
9
1
2
3
4
9.41460400017
9
1
2
3
4
8.35460360121
9
1
2
3
4
8.8919286
9
1
2
3
4
9.02994329977
9
1
2
3
4
9.1944998019
9
1
2
3
4
8.95331944912
9
1
2
3
4
8.87518239842
9
1
2
3
4
8.82350110207
9
1
2
3
4
8.94396864896
9
1
2
3
4
8.8350030494
9
1
2
3
4
9.15408180217
9
1
2
3
4
8.6521847978
9
1
2
3
4
9.46589000145
9
1
2
3
4
8.3368591991
9
1
2
3
4
8.86555010045
9
1
2
3
4
9.0607715002
9
1
2
3
4
9.18084634983
9
1
2
3
4
8.90914370085
9
1
2
3
4
8.86655024852
9
1
2
3
4
8.78429530197
9
1
2
3
4
8.90001079885
9
1
2
3
4
8.80470580011
9
1
2
3
4
9.16196429983
9
1
2
3
4
8.56143000006
9
1
2
3
4
9.48057089993
9
1
2
3
4
8.2876700011
9
1
2
3
4
8.83852879959
9
1
2
3
4
9.09431060252
9
1
2
3
4
9.18284779854
9
1
2
3
4
8.88845384933
9
1
2
3
4
8.88454990071
9
1
2
3
4
8.7749158511
9
1
2
3
4
8.89423519798
9
1
2
3
4
8.82862764952
9
1
2
3
4
9.2343078003
9
1
2
3
4
8.52575380096
9
1
2
3
4
9.57436640051
9
1
2
3
4
8.32409489853
9
1
2
3
4
8.8372012488
9
1
2
3
4
9.15544959952
9
1
2
3
4
9.19589584981
9
1
2
3
4
8.88343095194
9
1
2
3
4
8.91505869877
9
1
2
3
4
8.77459695228
9
1
2
3
4
8.89881569997
9
1
2
3
4
8.85102135024
9
1
2
3
4
9.30181010003
9
1
2
3
4
8.49056029847
9
1
2
3
4
9.66964275049
9
1
2
3
4
8.33752819989
9
1
2
3
4
8.82516159798
9
1
2
3
4
9.20025824985
9
1
2
3
4
9.20469110055
9
1
2
3
4
8.86050610169
9
1
2
3
4
8.9355011975
9
1
2
3
4
8.76342090013
9
1
2
3
4
8.88257810118
9
1
2
3
4
8.85168865023
9
1
2
3
4
9.3547166005
9
1
2
3
4
8.43693894797
9
1
2
3
4
9.73861400175
9
1
2
3
4
8.33535984982
9
1
2
3
4
9.02717309917
9
1
2
3
4
9.10081599912
9
1
2
3
4
9.03996415206
9
1
2
3
4
8.95676594926
9
1
2
3
4
9.0751020982
9
1
2
3
4
9.12614850287
9
1
2
3
4
9.12352949663
9
1
2
3
4
9.26858310206
9
1
2
3
4
8.87220435005
9
1
2
3
4
9.26328879996
9
1
2
3
4
9.05485289963
9
1
2
3
4
9.03435754872
9
1
2
3
4
8.76467229985
9
1
2
3
4
8.82351449897
9
1
2
3
4
8.80404140145
9
1
2
3
4
8.64077970074
9
1
2
3
4
8.88691550013
9
1
2
3
4
8.88480989943
9
1
2
3
4
8.86092554923
9
1
2
3
4
9.05941920093
9
1
2
3
4
8.72594595072
9
1
2
3
4
8.95065639855
9
1
2
3
4
8.87444319992
9
1
2
3
4
8.79814440125
9
1
2
3
4
9.10392540199
9
1
2
3
4
9.15605039877
9
1
2
3
4
9.17204155034
9
1
2
3
4
8.92973144952
9
1
2
3
4
9.31270840002
9
1
2
3
4
9.25629920015
9
1
2
3
4
9.2088886518
9
1
2
3
4
9.47496424773
9
1
2
3
4
9.18201219937
9
1
2
3
4
9.25260955136
9
1
2
3
4
9.30057139954
9
1
2
3
4
9.17084600049
9
1
2
3
4
8.93973305263
9
1
2
3
4
8.96635024872
9
1
2
3
4
9.00183985045
9
1
2
3
4
8.68683000043
9
1
2
3
4
9.1792392006
9
1
2
3
4
9.04616354947
9
1
2
3
4
8.97965539884
9
1
2
3
4
9.27690715212
9
1
2
3
4
9.03732595008
9
1
2
3
4
8.94415764717
9
1
2
3
4
9.09060330052
9
1
2
3
4
8.91752690109
9
1
2
3
4
8.67782790124
9
1
2
3
4
8.67486534995
9
1
2
3
4
8.7406079979
9
1
2
3
4
8.35117534926
9
1
2
3
4
8.93185875169
9
1
2
3
4
8.73563699875
9
1
2
3
4
8.65538540084
9
1
2
3
4
8.9730781503
9
1
2
3
4
8.78148570002
9
1
2
3
4
8.53480844857
9
1
2
3
4
8.77935910012
9
1
2
3
4
8.55010980152
9
1
2
3
4
8.92688549921
9
1
2
3
4
8.92436589845
9
1
2
3
4
9.02816915076
9
1
2
3
4
8.55155805071
9
1
2
3
4
9.28906199959
9
1
2
3
4
9.03404739872
9
1
2
3
4
8.94291709995
9
1
2
3
4
9.33071149915
9
1
2
3
4
9.18640819995
9
1
2
3
4
8.78464289987
9
1
2
3
4
9.1637407018
9
1
2
3
4
8.87720295001
9
1
2
3
4
8.91034949996
9
1
2
3
4
8.89403469913
9
1
2
3
4
9.02350239956
9
1
2
3
4
8.4723536516
9
1
2
3
4
9.32233269871
9
1
2
3
4
9.00986020081
9
1
2
3
4
8.90505964987
9
1
2
3
4
9.32648140073
9
1
2
3
4
9.23946800065
9
1
2
3
4
8.68345924787
9
1
2
3
4
9.16251265205
9
1
2
3
4
8.83643429787
9
1
2
3
4
8.85361195134
9
1
2
3
4
8.80240934965
9
1
2
3
4
8.96587049842
9
1
2
3
4
8.34519285115
9
1
2
3
4
9.2970505986
9
1
2
3
4
8.92160385282
9
1
2
3
4
8.78724894964
9
1
2
3
4
9.26102180043
9
1
2
3
4
9.20955219859
9
1
2
3
4
8.50257345129
9
1
2
3
4
9.08962879833
9
1
2
3
4
8.7020410524
9
1
2
3
4
8.88928214862
9
1
2
3
4
8.84127475094
9
1
2
3
4
9.03121959922
9
1
2
3
4
8.33118764919
9
1
2
3
4
9.41547015248
9
1
2
3
4
8.97984889869
9
1
2
3
4
8.83051740084
9
1
2
3
4
9.35096139993
9
1
2
3
4
9.36468330002
9
1
2
3
4
8.48373509923
9
1
2
3
4
9.20258414996
9
1
2
3
4
8.76676875027
9
1
2
3
4
8.91781819804
9
1
2
3
4
8.84351870217
9
1
2
3
4
9.07382079869
9
1
2
3
4
8.28850300144
9
1
2
3
4
9.49924214822
9
1
2
3
4
8.99654120003
9
1
2
3
4
8.83388200201
9
1
2
3
4
9.40441504878
9
1
2
3
4
9.46260824995
9
1
2
3
4
8.42960100123
9
1
2
3
4
9.26089439751
9
1
2
3
4
8.77110385147
9
1
2
3
4
8.91348579802
9
1
2
3
4
8.82959765068
9
1
2
3
4
9.08111505088
9
1
2
3
4
8.22068539957
9
1
2
3
4
9.55327990017
9
1
2
3
4
8.99287900075
9
1
2
3
4
8.80748899913
9
1
2
3
4
9.42089315108
9
1
2
3
4
9.53128799863
9
1
2
3
4
8.33982450058
9
1
2
3
4
9.27968329849
9
1
2
3
4
8.74135610272
9
1
2
3
4
8.87028150016
9
1
2
3
4
9.46601180045
9
1
2
3
4
9.12398660099
9
1
2
3
4
8.89377219908
9
1
2
3
4
8.91795860135
9
1
2
3
4
9.43267049888
9
1
2
3
4
8.79232750236
9
1
2
3
4
8.87455404756
9
1
2
3
4
8.66268390059
9
1
2
3
4
8.89195300126
9
1
2
3
4
9.25449474886
9
1
2
3
4
9.23840160083
9
1
2
3
4
8.72184219986
9
1
2
3
4
9.20904645001
9
1
2
3
4
8.96243029993
9
1
2
3
4
8.70244124965
9
1
2
3
4
8.70898060035
9
1
2
3
4
9.2228934507
9
1
2
3
4
8.70471580097
9
1
2
3
4
8.69810019949
9
1
2
3
4
8.53399559876
9
1
2
3
4
8.7681452001
9
1
2
3
4
9.05933540058
9
1
2
3
4
9.07923049942
9
1
2
3
4
9.16424100028
9
1
2
3
4
9.58262399951
9
1
2
3
4
9.41150500008
9
1
2
3
4
9.11636949965
9
1
2
3
4
9.10016020018
9
1
2
3
4
9.6435491984
9
1
2
3
4
9.20569035236
9
1
2
3
4
9.12523309875
9
1
2
3
4
8.98938614895
9
1
2
3
4
9.2396894503
9
1
2
3
4
9.48593670104
9
1
2
3
4
9.5345729992
9
1
2
3
4
8.94408569924
9
1
2
3
4
9.24137384837
9
1
2
3
4
9.15707595315
9
1
2
3
4
8.83759959834
9
1
2
3
4
8.78440274988
9
1
2
3
4
9.29463775092
9
1
2
3
4
8.97961744884
9
1
2
3
4
8.80216770075
9
1
2
3
4
8.70905454989
9
1
2
3
4
8.94859725001
9
1
2
3
4
9.0993941499
9
1
2
3
4
9.17484884989
9
1
2
3
4
8.61330374962
9
1
2
3
4
8.80140095195
9
1
2
3
4
8.78941924733
9
1
2
3
4
8.44672714968
9
1
2
3
4
8.36763590164
9
1
2
3
4
8.84750689866
9
1
2
3
4
8.63239540014
9
1
2
3
4
8.37558390058
9
1
2
3
4
8.31790815017
9
1
2
3
4
8.54306039889
9
1
2
3
4
8.61573810226
9
1
2
3
4
8.70089949979
9
1
2
3
4
9.03398489999
9
1
2
3
4
9.14702140156
9
1
2
3
4
9.22900099811
9
1
2
3
4
8.84428499889
9
1
2
3
4
8.74834640152
9
1
2
3
4
9.25715830174
9
1
2
3
4
9.14354499732
9
1
2
3
4
8.80298865124
9
1
2
3
4
8.79151814905
9
1
2
3
4
9.0336894012
9
1
2
3
4
9.05343109998
9
1
2
3
4
9.18007209967
9
1
2
3
4
9.0396123995
9
1
2
3
4
9.06750060181
9
1
2
3
4
9.22384505044
9
1
2
3
4
8.81339644891
9
1
2
3
4
8.68615920056
9
1
2
3
4
9.19687099947
9
1
2
3
4
9.18500594934
9
1
2
3
4
8.7609204998
9
1
2
3
4
8.77989885063
9
1
2
3
4
9.02945040009
9
1
2
3
4
8.98205380034
9
1
2
3
4
9.12971149955
9
1
2
3
4
8.95483799861
9
1
2
3
4
8.87312279994
9
1
2
3
4
9.1142178014
9
1
2
3
4
8.67517199897
9
1
2
3
4
8.51973120033
9
1
2
3
4
9.01340390058
9
1
2
3
4
9.09731719867
9
1
2
3
4
8.59793645039
9
1
2
3
4
8.64721185085
9
1
2
3
4
8.8964828497
9
1
2
3
4
8.76728964929
9
1
2
3
4
8.94248135015
9
1
2
3
4
9.08559155097
9
1
2
3
4
8.91856175021
9
1
2
3
4
9.24089159959
9
1
2
3
4
8.77401399892
9
1
2
3
4
8.5892628014
9
1
2
3
4
9.09681225038
9
1
2
3
4
9.28692584857
9
1
2
3
4
8.69645505029
9
1
2
3
4
8.79399235177
9
1
2
3
4
9.04588099784
9
1
2
3
4
8.85666854962
9
1
2
3
4
9.06004285
9
1
2
3
4
9.15779345279
9
1
2
3
4
8.88450199901
9
1
2
3
4
9.29193679773
9
1
2
3
4
8.79308175022
9
1
2
3
4
8.59037705197
9
1
2
3
4
9.08632969868
9
1
2
3
4
9.39220200133
9
1
2
3
4
8.70748084807
9
1
2
3
4
8.84970645068
9
1
2
3
4
9.09813885007
9
1
2
3
4
8.84671695202
9
1
2
3
4
9.06861689713
9
1
2
3
4
9.17816760033
9
1
2
3
4
8.82074344927
9
1
2
3
4
9.30169600004
9
1
2
3
4
8.77666890228
9
1
2
3
4
8.54724719757
9
1
2
3
4
9.0414214505
9
1
2
3
4
9.43853855191
9
1
2
3
4
8.67959689876
9
1
2
3
4
8.85611950097
9
1
2
3
4
9.10758584901
9
1
2
3
4
8.78545584969
9
1
2
3
4
9.04139640057
9
1
2
3
4
8.89665300204
9
1
2
3
4
9.12978444929
9
1
2
3
4
9.09598220041
9
1
2
3
4
8.92889329829
9
1
2
3
4
8.38880080119
9
1
2
3
4
9.16376910039
9
1
2
3
4
9.13441864809
9
1
2
3
4
9.05187010148
9
1
2
3
4
8.92938575044
9
1
2
3
4
9.4946695985
9
1
2
3
4
8.67132570239
9
1
2
3
4
9.07227819832
9
1
2
3
4
8.84952869939
9
1
2
3
4
8.96577049966
9
1
2
3
4
8.9944409999
9
1
2
3
4
8.79930440025
9
1
2
3
4
8.36270219981
9
1
2
3
4
9.02308644945
9
1
2
3
4
9.01659750004
9
1
2
3
4
8.95741510013
9
1
2
3
4
8.90706999972
9
1
2
3
4
9.30036685037
9
1
2
3
4
8.62159050125
9
1
2
3
4
8.95338909805
9
1
2
3
4
9.41299560157
9
1
2
3
4
9.41077770002
9
1
2
3
4
9.50564449723
9
1
2
3
4
9.26751790231
9
1
2
3
4
8.9083829984
9
1
2
3
4
9.49399080055
9
1
2
3
4
9.51036904988
9
1
2
3
4
9.46643475018
9
1
2
3
4
9.5013864004
9
1
2
3
4
9.72701199944
9
1
2
3
4
9.16213400097
9
1
2
3
4
9.43407474892
9
1
2
3
4
9.13049759879
9
1
2
3
4
9.00185365046
9
1
2
3
4
9.14821064961
9
1
2
3
4
8.87758419866
9
1
2
3
4
8.60701999976
9
1
2
3
4
9.06838960105
9
1
2
3
4
9.09050785052
9
1
2
3
4
9.04619134942
9
1
2
3
4
9.15269970038
9
1
2
3
4
9.18374234927
9
1
2
3
4
8.77999019917
9
1
2
3
4
8.94413710132
9
1
2
3
4
8.72031099888
9
1
2
3
4
8.49011760144
9
1
2
3
4
8.67146699922
9
1
2
3
4
8.37053179985
9
1
2
3
4
8.20431759916
9
1
2
3
4
8.51953760133
9
1
2
3
4
8.55388699847
9
1
2
3
4
8.52131445013
9
1
2
3
4
8.67650939961
9
1
2
3
4
8.53541830106
9
1
2
3
4
8.2739256002
9
1
2
3
4
8.35419389897
9
1
2
3
4
9.32415119946
9
1
2
3
4
8.97410409982
9
1
2
3
4
9.23902205139
9
1
2
3
4
8.88887869974
9
1
2
3
4
8.80604904838
9
1
2
3
4
9.05314600118
9
1
2
3
4
9.1130762003
9
1
2
3
4
9.10173000017
9
1
2
3
4
9.35363159957
9
1
2
3
4
9.0343308009
9
1
2
3
4
8.89790689902
9
1
2
3
4
8.92207349854
9
1
2
3
4
9.36889709879
9
1
2
3
4
8.90443610097
9
1
2
3
4
9.22079684888
9
1
2
3
4
8.83603635171
9
1
2
3
4
8.84176440036
9
1
2
3
4
8.9807087981
9
1
2
3
4
9.0619641009
9
1
2
3
4
9.05879999805
9
1
2
3
4
9.38437650158
9
1
2
3
4
8.88828240073
9
1
2
3
4
8.8851010979
9
1
2
3
4
8.842019701
9
1
2
3
4
9.2544757482
9
1
2
3
4
8.67819979932
9
1
2
3
4
9.03534849975
9
1
2
3
4
8.62872760027
9
1
2
3
4
8.71685520106
9
1
2
3
4
8.73549930053
9
1
2
3
4
8.83211649879
9
1
2
3
4
8.84200254889
9
1
2
3
4
9.21993565082
9
1
2
3
4
8.56302700049
9
1
2
3
4
8.6856092989
9
1
2
3
4
8.56579399994
9
1
2
3
4
9.48062179892
9
1
2
3
4
8.78847720037
9
1
2
3
4
9.20811599924
9
1
2
3
4
8.76294815016
9
1
2
3
4
8.9487159517
9
1
2
3
4
8.86536040029
9
1
2
3
4
8.97615869786
9
1
2
3
4
9.0075027009
9
1
2
3
4
9.47143769875
9
1
2
3
4
8.6289760003
9
1
2
3
4
8.89430850063
9
1
2
3
4
8.6961077009
9
1
2
3
4
9.59299630031
9
1
2
3
4
8.77513180007
9
1
2
3
4
9.26705064817
9
1
2
3
4
8.7720883514
9
1
2
3
4
9.05163459972
9
1
2
3
4
8.86198145145
9
1
2
3
4
8.9999403492
9
1
2
3
4
9.03173280015
9
1
2
3
4
9.5771137008
9
1
2
3
4
8.55497199812
9
1
2
3
4
8.95420944953
9
1
2
3
4
8.6891914492
9
1
2
3
4
9.65033124964
9
1
2
3
4
8.71930919908
9
1
2
3
4
9.257637501
9
1
2
3
4
8.73691299986
9
1
2
3
4
9.10320005033
9
1
2
3
4
8.80317164847
9
1
2
3
4
8.9531732504
9
1
2
3
4
9.00169720015
9
1
2
3
4
9.61946975067
9
1
2
3
4
8.42363799989
9
1
2
3
4
8.95756589915
9
1
2
3
4
8.60901925157
9
1
2
3
4
10.5749413505
9
1
2
3
4
7.47601040034
9
1
2
3
4
9.06797745186
9
1
2
3
4
9.21137489693
9
1
2
3
4
8.83251400117
9
1
2
3
4
9.40054744997
9
1
2
3
4
8.9334235001
9
1
2
3
4
8.64346745034
9
1
2
3
4
8.52171879925
9
1
2
3
4
9.59298275039
9
1
2
3
4
8.14573960015
9
1
2
3
4
9.06640634927
9
1
2
3
4
10.3680322493
9
1
2
3
4
7.54150584855
9
1
2
3
4
8.9867442016
9
1
2
3
4
9.17831549782
9
1
2
3
4
8.79761520261
9
1
2
3
4
9.30195899875
9
1
2
3
4
8.96512365062
9
1
2
3
4
8.56196954782
9
1
2
3
4
8.63460140117
9
1
2
3
4
9.47888079958
9
1
2
3
4
8.18474960059
9
1
2
3
4
8.98952684869
9
1
2
3
4
10.8548349502
9
1
2
3
4
8.1272968018
9
1
2
3
4
9.50626064854
9
1
2
3
4
9.77044019933
9
1
2
3
4
9.35656480005
9
1
2
3
4
9.82703389964
9
1
2
3
4
9.6001792005
9
1
2
3
4
9.06316880087
9
1
2
3
4
9.34638540036
9
1
2
3
4
9.98251300075
9
1
2
3
4
8.78206309758
9
1
2
3
4
9.51235690241
9
1
2
3
4
10.1863448524
9
1
2
3
4
7.84387359861
9
1
2
3
4
9.00629329911
9
1
2
3
4
9.28574725156
9
1
2
3
4
8.88646340015
9
1
2
3
4
9.25029704985
9
1
2
3
4
9.15708300108
9
1
2
3
4
8.53152759769
9
1
2
3
4
8.97521430021
9
1
2
3
4
9.33455240127
9
1
2
3
4
8.34961510097
9
1
2
3
4
8.90866824961
9
1
2
3
4
9.41115989999
9
1
2
3
4
7.43276939762
9
1
2
3
4
8.39224350153
9
1
2
3
4
8.67873289966
9
1
2
3
4
8.29458659957
9
1
2
3
4
8.5641672026
9
1
2
3
4
8.58122839904
9
1
2
3
4
7.89301759881
9
1
2
3
4
8.46748900003
9
1
2
3
4
8.5752302997
9
1
2
3
4
7.79005155066
9
1
2
3
4
8.19462615103
9
1
2
3
4
9.99585494879
9
1
2
3
4
8.12535040194
9
1
2
3
4
9.02551609933
9
1
2
3
4
9.38965289836
9
1
2
3
4
8.97579674894
9
1
2
3
4
9.21481300233
9
1
2
3
4
9.36441059949
9
1
2
3
4
8.49824765095
9
1
2
3
4
9.34161709924
9
1
2
3
4
9.21826705162
9
1
2
3
4
8.53501444773
9
1
2
3
4
8.85925560052
9
1
2
3
4
9.81505105045
9
1
2
3
4
8.19373654944
9
1
2
3
4
8.95080284914
9
1
2
3
4
9.35679325127
9
1
2
3
4
8.93563095035
9
1
2
3
4
9.11050859775
9
1
2
3
4
9.36994460272
9
1
2
3
4
8.41010399855
9
1
2
3
4
9.42155620042
9
1
2
3
4
9.06686430002
9
1
2
3
4
8.54290144893
9
1
2
3
4
8.73999364994
9
1
2
3
4
9.40797115065
9
1
2
3
4
8.0741656498
9
1
2
3
4
8.67175679962
9
1
2
3
4
9.10033640004
9
1
2
3
4
8.67849499974
9
1
2
3
4
8.77470989988
9
1
2
3
4
9.14674290112
9
1
2
3
4
8.09600159811
9
1
2
3
4
9.26106795089
9
1
2
3
4
8.68045785051
9
1
2
3
4
8.31574734941
9
1
2
3
4
8.38618039939
9
1
2
3
4
9.4833994502
9
1
2
3
4
8.36245484938
9
1
2
3
4
8.83976469943
9
1
2
3
4
9.33034964954
9
1
2
3
4
8.88925050118
9
1
2
3
4
8.9206835001
9
1
2
3
4
9.43343674974
9
1
2
3
4
8.25022849909
9
1
2
3
4
9.62437115205
9
1
2
3
4
8.80335314901
9
1
2
3
4
8.58731575057
9
1
2
3
4
8.53915629879
9
1
2
3
4
9.38233459907
9
1
2
3
4
8.50593279963
9
1
2
3
4
8.8477693499
9
1
2
3
4
9.37573949966
9
1
2
3
4
8.92894050057
9
1
2
3
4
8.89864180164
9
1
2
3
4
9.52431375091
9
1
2
3
4
8.23083859935
9
1
2
3
4
9.80066834853
9
1
2
3
4
8.74198420031
9
1
2
3
4
8.66731885026
9
1
2
3
4
8.50837924896
9
1
2
3
4
9.2223047014
9
1
2
3
4
8.58246275134
9
1
2
3
4
8.78104309895
9
1
2
3
4
9.35472359846
9
1
2
3
4
8.90025000201
9
1
2
3
4
8.80754574918
9
1
2
3
4
9.54886724945
9
1
2
3
4
8.14567265165
9
1
2
3
4
9.8930738004
9
1
2
3
4
8.6045777988
9
1
2
3
4
8.67954794876
9
1
2
3
4
8.39714294972
792
Min = (409014.605400 , 3659514.849000) Max = (409118.889400, 3659599.368000)
1
Feature id: 1
POINT (409117.528440398105886 3659517.125673888716847)
Feature id: 2
POINT (409117.528440398105886 3659517.125673888716847)
Feature id: 3
POINT (409117.528440398105886 3659517.125673888716847)
Feature id: 4
POINT (409117.528440398105886 3659517.125673888716847)
Feature id: 5
POINT (409117.332000377064105 3659517.083144622854888)
Feature id: 6
POINT (409117.332000377064105 3659517.083144622854888)
Feature id: 7
POINT (409117.332000377064105 3659517.083144622854888)
Feature id: 8
POINT (409117.332000377064105 3659517.083144622854888)
Feature id: 9
POINT (409117.163564464193769 3659517.040355662349612)
Feature id: 10
POINT (409117.163564464193769 3659517.040355662349612)
Total points is: 10 
(409108.7481, 409117.8023, 3659514.849, 3659515.997)
10
(409108.7643, 409117.8151, 3659515.882, 3659516.97)
10
(409108.7796, 409117.8286, 3659516.846, 3659517.986)
10
(409108.7957, 409117.8416, 3659517.865, 3659518.972)
10
(409108.8112, 409117.8558, 3659518.849, 3659520.034)
10
(409108.828, 409117.8685, 3659519.922, 3659521.0)
10
(409108.8432, 409117.8828, 3659520.879, 3659522.078)
10
(409108.8602, 409117.8955, 3659521.962, 3659523.034)
10
(409108.8753, 409117.9089, 3659522.919, 3659524.053)
10
(409108.8914, 409117.9221, 3659523.933, 3659525.049)
10
(409108.9071, 409117.9364, 3659524.93, 3659526.124)
10
(409108.9241, 409117.9497, 3659526.01, 3659527.132)
10
(409099.5, 409108.1548, 3659514.977, 3659516.114)
10
(409099.5139, 409108.1702, 3659516.005, 3659517.096)
10
(409099.5272, 409108.1862, 3659516.978, 3659518.109)
10
(409099.541, 409108.2018, 3659517.994, 3659519.097)
10
(409099.5544, 409108.2185, 3659518.98, 3659520.149)
10
(409099.5687, 409108.2338, 3659520.042, 3659521.124)
10
(409099.5819, 409108.2508, 3659521.008, 3659522.197)
10
(409099.5965, 409108.2658, 3659522.086, 3659523.152)
10
(409099.6095, 409108.2819, 3659523.042, 3659524.176)
10
(409099.6234, 409108.2976, 3659524.061, 3659525.172)
10
(409099.6369, 409108.3146, 3659525.057, 3659526.242)
10
(409099.6514, 409108.3305, 3659526.132, 3659527.25)
10
(409090.0465, 409098.9044, 3659515.1, 3659516.234)
10
(409090.0534, 409098.9177, 3659516.122, 3659517.226)
10
(409090.0602, 409098.9315, 3659517.105, 3659518.235)
10
(409090.0671, 409098.9449, 3659518.117, 3659519.226)
10
(409090.0738, 409098.9592, 3659519.105, 3659520.267)
10
(409090.0809, 409098.9724, 3659520.157, 3659521.252)
10
(409090.0877, 409098.987, 3659521.132, 3659522.319)
10
(409090.0949, 409099.0, 3659522.205, 3659523.273)
10
(409090.1014, 409099.0139, 3659523.159, 3659524.302)
10
(409090.1084, 409099.0274, 3659524.184, 3659525.298)
10
(409090.1152, 409099.0419, 3659525.18, 3659526.364)
10
(409090.1225, 409099.0556, 3659526.25, 3659527.372)
10
(409080.5646, 409089.4439, 3659515.225, 3659516.354)
10
(409080.5715, 409089.4507, 3659516.242, 3659517.356)
10
(409080.5783, 409089.4575, 3659517.234, 3659518.362)
10
(409080.5852, 409089.4643, 3659518.243, 3659519.354)
10
(409080.592, 409089.4714, 3659519.234, 3659520.385)
10
(409080.599, 409089.4781, 3659520.275, 3659521.379)
10
(409080.6058, 409089.4854, 3659521.26, 3659522.441)
10
(409080.613, 409089.4919, 3659522.327, 3659523.393)
10
(409080.6195, 409089.4989, 3659523.28, 3659524.428)
10
(409080.6266, 409089.5057, 3659524.31, 3659525.423)
10
(409080.6333, 409089.513, 3659525.306, 3659526.484)
10
(409080.6406, 409089.5198, 3659526.371, 3659527.493)
10
(409071.1402, 409079.962, 3659515.351, 3659516.474)
10
(409071.1542, 409079.9688, 3659516.362, 3659517.485)
10
(409071.1684, 409079.9757, 3659517.364, 3659518.487)
10
(409071.1824, 409079.9824, 3659518.37, 3659519.481)
10
(409071.1963, 409079.9894, 3659519.362, 3659520.502)
10
(409071.2106, 409079.9962, 3659520.393, 3659521.505)
10
(409071.2246, 409080.0035, 3659521.387, 3659522.561)
10
(409071.2394, 409080.01, 3659522.449, 3659523.512)
10
(409071.2527, 409080.017, 3659523.401, 3659524.552)
10
(409071.2672, 409080.0238, 3659524.436, 3659525.547)
10
(409071.2812, 409080.031, 3659525.431, 3659526.603)
10
(409071.2959, 409080.0379, 3659526.492, 3659527.612)
10
(409061.7309, 409070.5447, 3659515.476, 3659516.593)
10
(409061.743, 409070.5589, 3659516.481, 3659517.614)
10
(409061.7553, 409070.5729, 3659517.493, 3659518.613)
10
(409061.7674, 409070.5868, 3659518.495, 3659519.609)
10
(409061.7795, 409070.6011, 3659519.49, 3659520.619)
10
(409061.7917, 409070.6151, 3659520.51, 3659521.631)
10
(409061.8039, 409070.6299, 3659521.513, 3659522.683)
10
(409061.8166, 409070.6432, 3659522.569, 3659523.632)
10
(409061.8281, 409070.6578, 3659523.52, 3659524.677)
10
(409061.8408, 409070.6717, 3659524.56, 3659525.671)
10
(409061.8528, 409070.6864, 3659525.555, 3659526.723)
10
(409061.8655, 409070.7005, 3659526.611, 3659527.732)
10
(409052.3247, 409061.1335, 3659515.601, 3659516.712)
10
(409052.3354, 409061.1458, 3659516.601, 3659517.743)
10
(409052.3466, 409061.1579, 3659517.622, 3659518.738)
10
(409052.3573, 409061.17, 3659518.621, 3659519.736)
10
(409052.3681, 409061.1822, 3659519.617, 3659520.737)
10
(409052.3789, 409061.1944, 3659520.627, 3659521.757)
10
(409052.3899, 409061.2071, 3659521.639, 3659522.804)
10
(409052.4012, 409061.2186, 3659522.69, 3659523.752)
10
(409052.4115, 409061.2313, 3659523.64, 3659524.802)
10
(409052.4228, 409061.2433, 3659524.685, 3659525.796)
10
(409052.4336, 409061.256, 3659525.679, 3659526.843)
10
(409052.4449, 409061.2682, 3659526.731, 3659527.852)
10
(409042.8602, 409051.7259, 3659515.726, 3659516.832)
10
(409042.8738, 409051.737, 3659516.72, 3659517.872)
10
(409042.8882, 409051.7478, 3659517.751, 3659518.864)
10
(409042.9018, 409051.7586, 3659518.746, 3659519.864)
10
(409042.9156, 409051.7694, 3659519.745, 3659520.854)
10
(409042.9293, 409051.7804, 3659520.744, 3659521.884)
10
(409042.9435, 409051.7917, 3659521.766, 3659522.925)
10
(409042.9578, 409051.802, 3659522.811, 3659523.872)
10
(409042.9709, 409051.8133, 3659523.76, 3659524.928)
10
(409042.9854, 409051.824, 3659524.81, 3659525.92)
10
(409042.9991, 409051.8354, 3659525.804, 3659526.963)
10
(409043.0135, 409051.8463, 3659526.851, 3659527.973)
10
(409033.4558, 409042.2643, 3659515.852, 3659516.951)
10
(409033.4689, 409042.2787, 3659516.84, 3659518.001)
10
(409033.4829, 409042.2924, 3659517.881, 3659518.99)
10
(409033.496, 409042.3061, 3659518.872, 3659519.992)
10
(409033.5094, 409042.3198, 3659519.873, 3659520.971)
10
(409033.5224, 409042.334, 3659520.862, 3659522.01)
10
(409033.5363, 409042.3483, 3659521.892, 3659523.046)
10
(409033.5501, 409042.3614, 3659522.933, 3659523.991)
10
(409033.5626, 409042.3759, 3659523.88, 3659525.052)
10
(409033.5768, 409042.3896, 3659524.936, 3659526.045)
10
(409033.59, 409042.404, 3659525.928, 3659527.083)
10
(409033.6038, 409042.4179, 3659526.971, 3659528.093)
10
(409024.0387, 409032.8594, 3659515.977, 3659517.071)
10
(409024.051, 409032.8734, 3659516.959, 3659518.13)
10
(409024.0643, 409032.8866, 3659518.009, 3659519.115)
10
(409024.0768, 409032.8999, 3659518.998, 3659520.119)
10
(409024.0894, 409032.9129, 3659520.0, 3659521.089)
10
(409024.1016, 409032.9268, 3659520.979, 3659522.137)
10
(409024.1149, 409032.9406, 3659522.019, 3659523.167)
10
(409024.1279, 409032.9532, 3659523.054, 3659524.111)
10
(409024.1398, 409032.9673, 3659523.999, 3659525.177)
10
(409024.1532, 409032.9805, 3659525.06, 3659526.169)
10
(409024.1657, 409032.9943, 3659526.053, 3659527.203)
10
(409024.1788, 409033.0078, 3659527.091, 3659528.213)
10
(409014.6054, 409023.4415, 3659516.102, 3659517.19)
10
(409014.6177, 409023.4548, 3659517.078, 3659518.259)
10
(409014.6312, 409023.4673, 3659518.138, 3659519.241)
10
(409014.6436, 409023.4799, 3659519.123, 3659520.247)
10
(409014.6562, 409023.4921, 3659520.128, 3659521.206)
10
(409014.6683, 409023.5054, 3659521.096, 3659522.263)
10
(409014.6817, 409023.5184, 3659522.145, 3659523.288)
10
(409014.6946, 409023.5303, 3659523.175, 3659524.231)
10
(409014.7065, 409023.5437, 3659524.119, 3659525.303)
10
(409014.72, 409023.5562, 3659525.185, 3659526.294)
10
(409014.7325, 409023.5693, 3659526.177, 3659527.323)
10
(409014.7455, 409023.582, 3659527.211, 3659528.333)
10
(409108.9717, 409117.9897, 3659529.019, 3659530.158)
10
(409108.9877, 409118.0029, 3659530.04, 3659531.157)
10
(409109.0035, 409118.0167, 3659531.034, 3659532.2)
10
(409109.0199, 409118.0304, 3659532.077, 3659533.229)
10
(409109.0362, 409118.0435, 3659533.11, 3659534.226)
10
(409109.0519, 409118.0569, 3659534.105, 3659535.236)
10
(409109.0678, 409118.0705, 3659535.116, 3659536.259)
10
(409109.084, 409118.0837, 3659536.141, 3659537.258)
10
(409109.0997, 409118.0969, 3659537.139, 3659538.262)
10
(409109.1156, 409118.1104, 3659538.138, 3659539.276)
10
(409109.1316, 409118.1239, 3659539.158, 3659540.304)
10
(409109.1478, 409118.1364, 3659540.178, 3659541.246)
10
(409099.6925, 409108.3783, 3659529.147, 3659530.28)
10
(409099.7063, 409108.394, 3659530.166, 3659531.283)
10
(409099.7199, 409108.4105, 3659531.165, 3659532.326)
10
(409099.7341, 409108.4267, 3659532.208, 3659533.353)
10
(409099.748, 409108.4424, 3659533.237, 3659534.351)
10
(409099.7616, 409108.4584, 3659534.234, 3659535.359)
10
(409099.7753, 409108.4745, 3659535.244, 3659536.381)
10
(409099.7891, 409108.4903, 3659536.267, 3659537.38)
10
(409099.8027, 409108.5061, 3659537.266, 3659538.39)
10
(409099.8164, 409108.5221, 3659538.27, 3659539.398)
10
(409099.8301, 409108.5383, 3659539.284, 3659540.434)
10
(409099.8442, 409108.5532, 3659540.312, 3659541.376)
10
(409090.1431, 409099.0968, 3659529.271, 3659530.405)
10
(409090.1501, 409099.1104, 3659530.288, 3659531.413)
10
(409090.1569, 409099.1246, 3659531.291, 3659532.456)
10
(409090.164, 409099.1385, 3659532.334, 3659533.48)
10
(409090.171, 409099.1521, 3659533.361, 3659534.48)
10
(409090.1778, 409099.1658, 3659534.359, 3659535.487)
10
(409090.1847, 409099.1796, 3659535.367, 3659536.506)
10
(409090.1916, 409099.1932, 3659536.389, 3659537.506)
10
(409090.1985, 409099.2069, 3659537.388, 3659538.522)
10
(409090.2054, 409099.2206, 3659538.398, 3659539.524)
10
(409090.2122, 409099.2347, 3659539.406, 3659540.568)
10
(409090.2193, 409099.2475, 3659540.442, 3659541.511)
10
(409080.6612, 409089.5405, 3659529.398, 3659530.529)
10
(409080.6681, 409089.5474, 3659530.413, 3659531.542)
10
(409080.675, 409089.5545, 3659531.421, 3659532.585)
10
(409080.6822, 409089.5615, 3659532.464, 3659533.606)
10
(409080.6891, 409089.5683, 3659533.488, 3659534.608)
10
(409080.696, 409089.5751, 3659534.489, 3659535.613)
10
(409080.7028, 409089.5821, 3659535.495, 3659536.631)
10
(409080.7097, 409089.5889, 3659536.514, 3659537.631)
10
(409080.7166, 409089.5958, 3659537.514, 3659538.653)
10
(409080.7235, 409089.6027, 3659538.531, 3659539.649)
10
(409080.7303, 409089.6098, 3659539.532, 3659540.701)
10
(409080.7375, 409089.6162, 3659540.577, 3659541.644)
10
(409071.3384, 409080.0586, 3659529.524, 3659530.651)
10
(409071.3526, 409080.0655, 3659530.537, 3659531.668)
10
(409071.3668, 409080.0726, 3659531.55, 3659532.711)
10
(409071.3814, 409080.0796, 3659532.593, 3659533.73)
10
(409071.3956, 409080.0864, 3659533.615, 3659534.733)
10
(409071.4097, 409080.0933, 3659534.616, 3659535.736)
10
(409071.4237, 409080.1002, 3659535.621, 3659536.752)
10
(409071.4379, 409080.107, 3659536.639, 3659537.753)
10
(409071.4519, 409080.114, 3659537.639, 3659538.78)
10
(409071.4663, 409080.1208, 3659538.661, 3659539.77)
10
(409071.4801, 409080.1279, 3659539.657, 3659540.83)
10
(409071.4949, 409080.1344, 3659540.709, 3659541.773)
10
(409061.9023, 409070.7431, 3659529.648, 3659530.775)
10
(409061.9145, 409070.7573, 3659530.659, 3659531.796)
10
(409061.9269, 409070.7719, 3659531.676, 3659532.839)
10
(409061.9395, 409070.7861, 3659532.719, 3659533.856)
10
(409061.9518, 409070.8002, 3659533.738, 3659534.861)
10
(409061.9639, 409070.8142, 3659534.741, 3659535.862)
10
(409061.976, 409070.8284, 3659535.744, 3659536.876)
10
(409061.9883, 409070.8424, 3659536.76, 3659537.877)
10
(409062.0004, 409070.8568, 3659537.761, 3659538.911)
10
(409062.0129, 409070.8706, 3659538.789, 3659539.894)
10
(409062.0248, 409070.8854, 3659539.778, 3659540.962)
10
(409062.0377, 409070.8986, 3659540.838, 3659541.906)
10
(409052.4778, 409061.305, 3659529.774, 3659530.899)
10
(409052.4887, 409061.3174, 3659530.783, 3659531.925)
10
(409052.4998, 409061.33, 3659531.805, 3659532.967)
10
(409052.511, 409061.3423, 3659532.848, 3659533.981)
10
(409052.522, 409061.3544, 3659533.864, 3659534.988)
10
(409052.5329, 409061.3665, 3659534.869, 3659535.987)
10
(409052.5437, 409061.3788, 3659535.87, 3659537.0)
10
(409052.5546, 409061.3909, 3659536.884, 3659538.001)
10
(409052.5654, 409061.4034, 3659537.885, 3659539.041)
10
(409052.5767, 409061.4153, 3659538.919, 3659540.018)
10
(409052.5872, 409061.4282, 3659539.902, 3659541.094)
10
(409052.5988, 409061.4396, 3659540.97, 3659542.038)
10
(409043.0556, 409051.8792, 3659529.9, 3659531.022)
10
(409043.0694, 409051.8903, 3659530.907, 3659532.053)
10
(409043.0836, 409051.9015, 3659531.933, 3659533.095)
10
(409043.098, 409051.9125, 3659532.976, 3659534.106)
10
(409043.1119, 409051.9234, 3659533.989, 3659535.114)
10
(409043.1258, 409051.9341, 3659534.996, 3659536.112)
10
(409043.1396, 409051.9451, 3659535.995, 3659537.123)
10
(409043.1535, 409051.9559, 3659537.008, 3659538.125)
10
(409043.1673, 409051.9671, 3659538.009, 3659539.17)
10
(409043.1817, 409051.9777, 3659539.049, 3659540.142)
10
(409043.1951, 409051.9893, 3659540.026, 3659541.225)
10
(409043.2101, 409051.9995, 3659541.102, 3659542.169)
10
(409033.6446, 409042.4599, 3659530.025, 3659531.145)
10
(409033.6579, 409042.4741, 3659531.03, 3659532.18)
10
(409033.6717, 409042.4885, 3659532.061, 3659533.223)
10
(409033.6856, 409042.5025, 3659533.104, 3659534.232)
10
(409033.699, 409042.5164, 3659534.114, 3659535.241)
10
(409033.7125, 409042.5301, 3659535.123, 3659536.237)
10
(409033.7257, 409042.544, 3659536.12, 3659537.246)
10
(409033.7392, 409042.5578, 3659537.131, 3659538.249)
10
(409033.7525, 409042.5723, 3659538.133, 3659539.3)
10
(409033.7665, 409042.5856, 3659539.179, 3659540.265)
10
(409033.7794, 409042.6006, 3659540.15, 3659541.356)
10
(409033.7939, 409042.6136, 3659541.233, 3659542.301)
10
(409024.2174, 409033.0484, 3659530.15, 3659531.269)
10
(409024.23, 409033.0622, 3659531.153, 3659532.309)
10
(409024.2431, 409033.0761, 3659532.189, 3659533.351)
10
(409024.2563, 409033.0895, 3659533.232, 3659534.357)
10
(409024.269, 409033.103, 3659534.24, 3659535.368)
10
(409024.2817, 409033.1162, 3659535.25, 3659536.362)
10
(409024.2943, 409033.1297, 3659536.245, 3659537.37)
10
(409024.307, 409033.143, 3659537.254, 3659538.373)
10
(409024.3196, 409033.157, 3659538.257, 3659539.43)
10
(409024.333, 409033.1699, 3659539.308, 3659540.389)
10
(409024.3451, 409033.1844, 3659540.273, 3659541.488)
10
(409024.3589, 409033.197, 3659541.365, 3659542.433)
10
(409014.7842, 409023.6205, 3659530.276, 3659531.392)
10
(409014.7968, 409023.6337, 3659531.277, 3659532.437)
10
(409014.81, 409023.6468, 3659532.317, 3659533.48)
10
(409014.8231, 409023.6595, 3659533.36, 3659534.483)
10
(409014.8358, 409023.6722, 3659534.365, 3659535.496)
10
(409014.8485, 409023.6848, 3659535.377, 3659536.488)
10
(409014.8611, 409023.6975, 3659536.371, 3659537.494)
10
(409014.8737, 409023.7101, 3659537.378, 3659538.497)
10
(409014.8864, 409023.7235, 3659538.381, 3659539.56)
10
(409014.8998, 409023.7356, 3659539.438, 3659540.513)
10
(409014.9118, 409023.7494, 3659540.397, 3659541.62)
10
(409014.9258, 409023.7613, 3659541.497, 3659542.565)
10
(409109.1961, 409118.1779, 3659543.25, 3659544.372)
10
(409109.212, 409118.1914, 3659544.256, 3659545.386)
10
(409109.228, 409118.2047, 3659545.272, 3659546.396)
10
(409109.2439, 409118.218, 3659546.279, 3659547.392)
10
(409109.2596, 409118.2313, 3659547.282, 3659548.408)
10
(409109.2757, 409118.2448, 3659548.292, 3659549.427)
10
(409109.2918, 409118.2583, 3659549.311, 3659550.445)
10
(409109.3078, 409118.272, 3659550.331, 3659551.482)
10
(409109.3242, 409118.2851, 3659551.365, 3659552.478)
10
(409109.3399, 409118.2989, 3659552.352, 3659553.509)
10
(409109.3562, 409118.3122, 3659553.392, 3659554.523)
10
(409109.3722, 409118.3256, 3659554.403, 3659555.533)
10
(409099.8856, 409108.6025, 3659543.373, 3659544.492)
10
(409099.8993, 409108.6185, 3659544.38, 3659545.505)
10
(409099.913, 409108.6345, 3659545.394, 3659546.517)
10
(409099.9268, 409108.6502, 3659546.404, 3659547.506)
10
(409099.9402, 409108.6662, 3659547.399, 3659548.529)
10
(409099.9541, 409108.6823, 3659548.416, 3659549.549)
10
(409099.968, 409108.6983, 3659549.435, 3659550.564)
10
(409099.9817, 409108.7147, 3659550.453, 3659551.605)
10
(409099.9959, 409108.7304, 3659551.49, 3659552.609)
10
(409100.0095, 409108.7467, 3659552.487, 3659553.631)
10
(409100.0234, 409108.7627, 3659553.517, 3659554.65)
10
(409100.0372, 409108.7786, 3659554.532, 3659555.657)
10
(409090.2401, 409099.2898, 3659543.493, 3659544.617)
10
(409090.2469, 409099.3035, 3659544.5, 3659545.628)
10
(409090.2538, 409099.3173, 3659545.513, 3659546.642)
10
(409090.2607, 409099.3307, 3659546.525, 3659547.625)
10
(409090.2674, 409099.3446, 3659547.513, 3659548.655)
10
(409090.2745, 409099.3585, 3659548.537, 3659549.675)
10
(409090.2814, 409099.3723, 3659549.557, 3659550.688)
10
(409090.2883, 409099.3864, 3659550.572, 3659551.732)
10
(409090.2954, 409099.4, 3659551.613, 3659552.746)
10
(409090.3023, 409099.4139, 3659552.618, 3659553.758)
10
(409090.3093, 409099.4277, 3659553.639, 3659554.781)
10
(409090.3162, 409099.4414, 3659554.658, 3659555.786)
10
(409080.7581, 409089.6374, 3659543.618, 3659544.74)
10
(409080.765, 409089.6443, 3659544.625, 3659545.75)
10
(409080.7719, 409089.6512, 3659545.636, 3659546.765)
10
(409080.7788, 409089.6579, 3659546.65, 3659547.741)
10
(409080.7855, 409089.6649, 3659547.632, 3659548.779)
10
(409080.7926, 409089.6719, 3659548.663, 3659549.798)
10
(409080.7995, 409089.6788, 3659549.683, 3659550.809)
10
(409080.8064, 409089.6859, 3659550.696, 3659551.856)
10
(409080.8135, 409089.6928, 3659551.74, 3659552.879)
10
(409080.8205, 409089.6997, 3659552.754, 3659553.883)
10
(409080.8273, 409089.7067, 3659553.766, 3659554.909)
10
(409080.8343, 409089.7135, 3659554.789, 3659555.913)
10
(409071.5372, 409080.1555, 3659543.74, 3659544.859)
10
(409071.5513, 409080.1624, 3659544.748, 3659545.867)
10
(409071.5654, 409080.1693, 3659545.757, 3659546.885)
10
(409071.5796, 409080.1759, 3659546.773, 3659547.854)
10
(409071.5932, 409080.183, 3659547.749, 3659548.898)
10
(409071.6078, 409080.19, 3659548.787, 3659549.917)
10
(409071.622, 409080.1968, 3659549.806, 3659550.927)
10
(409071.6362, 409080.204, 3659550.817, 3659551.977)
10
(409071.6509, 409080.211, 3659551.864, 3659553.008)
10
(409071.6653, 409080.2178, 3659552.887, 3659554.002)
10
(409071.6792, 409080.2248, 3659553.891, 3659555.033)
10
(409071.6936, 409080.2316, 3659554.917, 3659556.034)
10
(409062.0741, 409070.9418, 3659543.859, 3659544.981)
10
(409062.0863, 409070.9559, 3659544.867, 3659545.988)
10
(409062.0985, 409070.9701, 3659545.875, 3659547.008)
10
(409062.1108, 409070.9837, 3659546.893, 3659547.97)
10
(409062.1225, 409070.9983, 3659547.861, 3659549.021)
10
(409062.1352, 409071.0126, 3659548.906, 3659550.04)
10
(409062.1475, 409071.0267, 3659549.925, 3659551.048)
10
(409062.1597, 409071.0414, 3659550.934, 3659552.101)
10
(409062.1724, 409071.0558, 3659551.985, 3659553.141)
10
(409062.185, 409071.0697, 3659553.016, 3659554.127)
10
(409062.1969, 409071.0841, 3659554.01, 3659555.161)
10
(409062.2094, 409071.0981, 3659555.041, 3659556.16)
10
(409052.6313, 409061.4768, 3659543.981, 3659545.103)
10
(409052.6422, 409061.489, 3659544.989, 3659546.109)
10
(409052.653, 409061.5013, 3659545.996, 3659547.131)
10
(409052.6641, 409061.513, 3659547.016, 3659548.086)
10
(409052.6744, 409061.5257, 3659547.978, 3659549.144)
10
(409052.6858, 409061.538, 3659549.029, 3659550.163)
10
(409052.6968, 409061.5502, 3659550.048, 3659551.169)
10
(409052.7077, 409061.5629, 3659551.056, 3659552.225)
10
(409052.7191, 409061.5755, 3659552.109, 3659553.274)
10
(409052.7304, 409061.5874, 3659553.149, 3659554.251)
10
(409052.741, 409061.5999, 3659554.135, 3659555.288)
10
(409052.7522, 409061.612, 3659555.169, 3659556.286)
10
(409043.2513, 409052.0326, 3659544.102, 3659545.225)
10
(409043.2652, 409052.0435, 3659545.111, 3659546.228)
10
(409043.279, 409052.0545, 3659546.116, 3659547.252)
10
(409043.2932, 409052.0649, 3659547.138, 3659548.201)
10
(409043.3062, 409052.0763, 3659548.094, 3659549.266)
10
(409043.3209, 409052.0873, 3659549.152, 3659550.285)
10
(409043.335, 409052.0982, 3659550.171, 3659551.288)
10
(409043.3488, 409052.1096, 3659551.176, 3659552.348)
10
(409043.3634, 409052.1209, 3659552.233, 3659553.405)
10
(409043.378, 409052.1315, 3659553.282, 3659554.373)
10
(409043.3913, 409052.1427, 3659554.259, 3659555.415)
10
(409043.4057, 409052.1535, 3659555.297, 3659556.41)
10
(409033.8336, 409042.6557, 3659544.223, 3659545.346)
10
(409033.847, 409042.6695, 3659545.232, 3659546.349)
10
(409033.8604, 409042.6837, 3659546.236, 3659547.375)
10
(409033.874, 409042.6967, 3659547.26, 3659548.317)
10
(409033.8866, 409042.7114, 3659548.209, 3659549.389)
10
(409033.9008, 409042.7255, 3659549.274, 3659550.408)
10
(409033.9144, 409042.7393, 3659550.293, 3659551.409)
10
(409033.9277, 409042.7539, 3659551.296, 3659552.471)
10
(409033.9419, 409042.7685, 3659552.356, 3659553.538)
10
(409033.9561, 409042.7818, 3659553.414, 3659554.496)
10
(409033.9689, 409042.7962, 3659554.381, 3659555.542)
10
(409033.9828, 409042.8099, 3659555.423, 3659556.536)
10
(409024.3964, 409033.2375, 3659544.344, 3659545.468)
10
(409024.4091, 409033.2509, 3659545.354, 3659546.469)
10
(409024.4217, 409033.2645, 3659546.356, 3659547.497)
10
(409024.4347, 409033.2771, 3659547.383, 3659548.433)
10
(409024.4465, 409033.2914, 3659548.324, 3659549.511)
10
(409024.4601, 409033.3049, 3659549.397, 3659550.53)
10
(409024.4729, 409033.3183, 3659550.415, 3659551.529)
10
(409024.4855, 409033.3324, 3659551.416, 3659552.595)
10
(409024.499, 409033.3466, 3659552.479, 3659553.67)
10
(409024.5125, 409033.3594, 3659553.546, 3659554.62)
10
(409024.5245, 409033.3733, 3659554.504, 3659555.67)
10
(409024.5378, 409033.3865, 3659555.55, 3659556.661)
10
(409014.9631, 409023.7996, 3659544.466, 3659545.59)
10
(409014.9758, 409023.8122, 3659545.476, 3659546.59)
10
(409014.9885, 409023.8252, 3659546.477, 3659547.62)
10
(409015.0014, 409023.837, 3659547.505, 3659548.548)
10
(409015.0132, 409023.8506, 3659548.44, 3659549.634)
10
(409015.0268, 409023.8634, 3659549.519, 3659550.653)
10
(409015.0397, 409023.876, 3659550.538, 3659551.65)
10
(409015.0523, 409023.8895, 3659551.537, 3659552.719)
10
(409015.0657, 409023.9031, 3659552.603, 3659553.803)
10
(409015.0794, 409023.915, 3659553.679, 3659554.744)
10
(409015.0913, 409023.9283, 3659554.628, 3659555.797)
10
(409015.1046, 409023.9408, 3659555.678, 3659556.787)
10
(409109.4204, 409118.3659, 3659557.465, 3659558.576)
10
(409109.4361, 409118.38, 3659558.456, 3659559.633)
10
(409109.4528, 409118.3935, 3659559.519, 3659560.657)
10
(409109.4689, 409118.4067, 3659560.539, 3659561.653)
10
(409109.4847, 409118.4199, 3659561.536, 3659562.651)
10
(409109.5004, 409118.4339, 3659562.537, 3659563.707)
10
(409109.5171, 409118.4469, 3659563.596, 3659564.697)
10
(409109.5327, 409118.4601, 3659564.578, 3659565.692)
10
(409109.5484, 409118.473, 3659565.574, 3659566.665)
10
(409109.5637, 409118.4862, 3659566.545, 3659567.665)
10
(409109.5795, 409118.4999, 3659567.541, 3659568.702)
10
(409109.5959, 409118.5137, 3659568.582, 3659569.739)
10
(409100.0787, 409108.8266, 3659557.588, 3659558.702)
10
(409100.0923, 409108.8433, 3659558.584, 3659559.753)
10
(409100.1065, 409108.8595, 3659559.641, 3659560.78)
10
(409100.1205, 409108.8752, 3659560.665, 3659561.775)
10
(409100.134, 409108.8909, 3659561.661, 3659562.77)
10
(409100.1475, 409108.9076, 3659562.658, 3659563.823)
10
(409100.1618, 409108.9232, 3659563.714, 3659564.822)
10
(409100.1754, 409108.9389, 3659564.705, 3659565.815)
10
(409100.1889, 409108.9543, 3659565.7, 3659566.792)
10
(409100.2021, 409108.97, 3659566.673, 3659567.795)
10
(409100.2157, 409108.9864, 3659567.673, 3659568.827)
10
(409100.2298, 409109.0028, 3659568.71, 3659569.863)
10
(409090.337, 409099.4828, 3659557.709, 3659558.833)
10
(409090.3438, 409099.497, 3659558.71, 3659559.878)
10
(409090.351, 409099.511, 3659559.761, 3659560.908)
10
(409090.358, 409099.5245, 3659560.788, 3659561.904)
10
(409090.3648, 409099.538, 3659561.783, 3659562.895)
10
(409090.3715, 409099.5523, 3659562.778, 3659563.945)
10
(409090.3787, 409099.5659, 3659563.831, 3659564.952)
10
(409090.3856, 409099.5794, 3659564.83, 3659565.945)
10
(409090.3923, 409099.5926, 3659565.824, 3659566.925)
10
(409090.399, 409099.6063, 3659566.8, 3659567.931)
10
(409090.4059, 409099.6203, 3659567.803, 3659568.959)
10
(409090.4129, 409099.6343, 3659568.836, 3659569.994)
10
(409080.8551, 409089.7343, 3659557.835, 3659558.96)
10
(409080.862, 409089.7414, 3659558.841, 3659559.999)
10
(409080.869, 409089.7484, 3659559.885, 3659561.032)
10
(409080.8761, 409089.7552, 3659560.916, 3659562.028)
10
(409080.8829, 409089.762, 3659561.912, 3659563.017)
10
(409080.8896, 409089.7691, 3659562.903, 3659564.063)
10
(409080.8967, 409089.776, 3659563.952, 3659565.079)
10
(409080.9037, 409089.7828, 3659564.96, 3659566.07)
10
(409080.9104, 409089.7895, 3659565.953, 3659567.053)
10
(409080.9171, 409089.7963, 3659566.933, 3659568.063)
10
(409080.924, 409089.8033, 3659567.94, 3659569.087)
10
(409080.931, 409089.8104, 3659568.967, 3659570.12)
10
(409071.7361, 409080.2524, 3659557.958, 3659559.083)
10
(409071.7502, 409080.2595, 3659558.968, 3659560.115)
10
(409071.7647, 409080.2665, 3659560.007, 3659561.152)
10
(409071.7792, 409080.2733, 3659561.04, 3659562.147)
10
(409071.7931, 409080.2801, 3659562.036, 3659563.133)
10
(409071.8069, 409080.2872, 3659563.024, 3659564.176)
10
(409071.8215, 409080.2941, 3659564.07, 3659565.199)
10
(409071.8358, 409080.3009, 3659565.087, 3659566.189)
10
(409071.8497, 409080.3076, 3659566.078, 3659567.175)
10
(409071.8634, 409080.3145, 3659567.061, 3659568.189)
10
(409071.8776, 409080.3214, 3659568.071, 3659569.208)
10
(409071.8919, 409080.3285, 3659569.095, 3659570.24)
10
(409062.2461, 409071.1408, 3659558.076, 3659559.21)
10
(409062.2584, 409071.1552, 3659559.091, 3659560.237)
10
(409062.2708, 409071.1697, 3659560.123, 3659561.277)
10
(409062.2834, 409071.1836, 3659561.16, 3659562.272)
10
(409062.2955, 409071.1974, 3659562.155, 3659563.254)
10
(409062.3073, 409071.212, 3659563.141, 3659564.294)
10
(409062.3199, 409071.2263, 3659564.183, 3659565.326)
10
(409062.3324, 409071.2402, 3659565.207, 3659566.315)
10
(409062.3444, 409071.254, 3659566.197, 3659567.304)
10
(409062.3563, 409071.2681, 3659567.184, 3659568.321)
10
(409062.3686, 409071.2824, 3659568.197, 3659569.336)
10
(409062.3809, 409071.2968, 3659569.216, 3659570.366)
10
(409052.7849, 409061.6489, 3659558.199, 3659559.337)
10
(409052.7959, 409061.6613, 3659559.218, 3659560.358)
10
(409052.807, 409061.6739, 3659560.245, 3659561.401)
10
(409052.8182, 409061.686, 3659561.285, 3659562.396)
10
(409052.829, 409061.6978, 3659562.28, 3659563.375)
10
(409052.8396, 409061.7104, 3659563.262, 3659564.412)
10
(409052.8508, 409061.7229, 3659564.301, 3659565.452)
10
(409052.862, 409061.7348, 3659565.334, 3659566.44)
10
(409052.8727, 409061.7468, 3659566.323, 3659567.432)
10
(409052.8834, 409061.7591, 3659567.312, 3659568.452)
10
(409052.8944, 409061.7714, 3659568.329, 3659569.463)
10
(409052.9053, 409061.7838, 3659569.344, 3659570.492)
10
(409043.4473, 409052.1864, 3659558.322, 3659559.463)
10
(409043.4615, 409052.1974, 3659559.346, 3659560.477)
10
(409043.4755, 409052.2087, 3659560.366, 3659561.524)
10
(409043.4899, 409052.2195, 3659561.409, 3659562.519)
10
(409043.5036, 409052.23, 3659562.404, 3659563.495)
10
(409043.517, 409052.2412, 3659563.383, 3659564.528)
10
(409043.5313, 409052.2525, 3659564.419, 3659565.576)
10
(409043.5457, 409052.2632, 3659565.46, 3659566.563)
10
(409043.5593, 409052.2739, 3659566.448, 3659567.558)
10
(409043.5731, 409052.2849, 3659567.44, 3659568.582)
10
(409043.5872, 409052.2958, 3659568.461, 3659569.588)
10
(409043.601, 409052.3069, 3659569.471, 3659570.616)
10
(409034.0229, 409042.852, 3659558.442, 3659559.589)
10
(409034.0367, 409042.866, 3659559.471, 3659560.598)
10
(409034.0501, 409042.8804, 3659560.485, 3659561.647)
10
(409034.0641, 409042.8941, 3659561.532, 3659562.642)
10
(409034.0773, 409042.9075, 3659562.527, 3659563.615)
10
(409034.0903, 409042.9218, 3659563.502, 3659564.645)
10
(409034.104, 409042.9362, 3659564.535, 3659565.702)
10
(409034.1181, 409042.9498, 3659565.584, 3659566.687)
10
(409034.1312, 409042.9636, 3659566.571, 3659567.686)
10
(409034.1445, 409042.9777, 3659567.566, 3659568.713)
10
(409034.1582, 409042.9915, 3659568.59, 3659569.715)
10
(409034.1715, 409043.0057, 3659569.596, 3659570.741)
10
(409024.5757, 409033.4272, 3659558.564, 3659559.717)
10
(409024.5888, 409033.4406, 3659559.598, 3659560.719)
10
(409024.6014, 409033.4546, 3659560.606, 3659561.772)
10
(409024.6147, 409033.4678, 3659561.655, 3659562.766)
10
(409024.6273, 409033.4808, 3659562.65, 3659563.736)
10
(409024.6395, 409033.4945, 3659563.623, 3659564.762)
10
(409024.6524, 409033.5086, 3659564.652, 3659565.828)
10
(409024.6659, 409033.5217, 3659565.71, 3659566.812)
10
(409024.6783, 409033.535, 3659566.695, 3659567.814)
10
(409024.6909, 409033.5487, 3659567.694, 3659568.844)
10
(409024.7039, 409033.562, 3659568.721, 3659569.842)
10
(409024.7165, 409033.5757, 3659569.723, 3659570.866)
10
(409015.1425, 409023.9793, 3659558.687, 3659559.843)
10
(409015.1556, 409023.9919, 3659559.725, 3659560.84)
10
(409015.1682, 409024.0052, 3659560.727, 3659561.895)
10
(409015.1815, 409024.0178, 3659561.78, 3659562.89)
10
(409015.194, 409024.03, 3659562.774, 3659563.857)
10
(409015.2062, 409024.0429, 3659563.744, 3659564.88)
10
(409015.2191, 409024.0564, 3659564.77, 3659565.953)
10
(409015.2327, 409024.0688, 3659565.836, 3659566.936)
10
(409015.245, 409024.0814, 3659566.82, 3659567.941)
10
(409015.2577, 409024.0944, 3659567.822, 3659568.975)
10
(409015.2708, 409024.107, 3659568.852, 3659569.968)
10
(409015.2833, 409024.1199, 3659569.85, 3659570.992)
10
(409109.6448, 409118.5543, 3659571.69, 3659572.804)
10
(409109.6606, 409118.5679, 3659572.686, 3659573.829)
10
(409109.6768, 409118.5814, 3659573.714, 3659574.853)
10
(409109.6929, 409118.5947, 3659574.736, 3659575.857)
10
(409109.7088, 409118.6072, 3659575.741, 3659576.805)
10
(409109.7237, 409118.6208, 3659576.681, 3659577.835)
10
(409109.74, 409118.6345, 3659577.714, 3659578.863)
10
(409109.7562, 409118.648, 3659578.743, 3659579.882)
10
(409109.7723, 409118.6612, 3659579.763, 3659580.892)
10
(409109.7882, 409118.6755, 3659580.765, 3659581.957)
10
(409109.805, 409118.6884, 3659581.84, 3659582.936)
10
(409109.8205, 409118.7019, 3659582.816, 3659583.957)
10
(409100.2717, 409109.0511, 3659571.807, 3659572.929)
10
(409100.2855, 409109.0673, 3659572.813, 3659573.95)
10
(409100.2993, 409109.0835, 3659573.837, 3659574.977)
10
(409100.3133, 409109.0993, 3659574.861, 3659575.979)
10
(409100.3269, 409109.1143, 3659575.865, 3659576.936)
10
(409100.3399, 409109.1305, 3659576.814, 3659577.963)
10
(409100.3538, 409109.1467, 3659577.843, 3659578.989)
10
(409100.3678, 409109.1628, 3659578.871, 3659580.009)
10
(409100.3816, 409109.1788, 3659579.891, 3659581.027)
10
(409100.3954, 409109.1955, 3659580.901, 3659582.08)
10
(409100.4097, 409109.211, 3659581.965, 3659583.063)
10
(409100.4231, 409109.2271, 3659582.944, 3659584.079)
10
(409090.4339, 409099.676, 3659571.923, 3659573.061)
10
(409090.4408, 409099.6898, 3659572.938, 3659574.078)
10
(409090.4478, 409099.7038, 3659573.958, 3659575.107)
10
(409090.4548, 409099.7174, 3659574.985, 3659576.108)
10
(409090.4616, 409099.7304, 3659575.987, 3659577.074)
10
(409090.4682, 409099.7443, 3659576.945, 3659578.097)
10
(409090.4752, 409099.7583, 3659577.971, 3659579.122)
10
(409090.4822, 409099.7721, 3659578.997, 3659580.142)
10
(409090.4891, 409099.786, 3659580.017, 3659581.169)
10
(409090.4961, 409099.8003, 3659581.036, 3659582.21)
10
(409090.5032, 409099.8136, 3659582.088, 3659583.197)
10
(409090.5099, 409099.8274, 3659583.071, 3659584.208)
10
(409080.9519, 409089.8313, 3659572.044, 3659573.187)
10
(409080.9589, 409089.8382, 3659573.069, 3659574.2)
10
(409080.9658, 409089.8452, 3659574.085, 3659575.232)
10
(409080.9729, 409089.8521, 3659575.115, 3659576.232)
10
(409080.9797, 409089.8587, 3659576.116, 3659577.206)
10
(409080.9863, 409089.8656, 3659577.082, 3659578.226)
10
(409080.9933, 409089.8726, 3659578.106, 3659579.25)
10
(409081.0003, 409089.8796, 3659579.131, 3659580.27)
10
(409081.0072, 409089.8866, 3659580.15, 3659581.305)
10
(409081.0143, 409089.8937, 3659581.178, 3659582.335)
10
(409081.0213, 409089.9004, 3659582.218, 3659583.326)
10
(409081.0281, 409089.9073, 3659583.206, 3659584.332)
10
(409071.9346, 409080.3494, 3659572.162, 3659573.307)
10
(409071.9492, 409080.3563, 3659573.195, 3659574.316)
10
(409071.9633, 409080.3633, 3659574.208, 3659575.351)
10
(409071.9778, 409080.3702, 3659575.24, 3659576.349)
10
(409071.9918, 409080.3768, 3659576.239, 3659577.332)
10
(409072.0055, 409080.3838, 3659577.215, 3659578.348)
10
(409072.0197, 409080.3907, 3659578.235, 3659579.371)
10
(409072.034, 409080.3977, 3659579.258, 3659580.391)
10
(409072.0483, 409080.4047, 3659580.278, 3659581.434)
10
(409072.0629, 409080.4118, 3659581.314, 3659582.452)
10
(409072.0771, 409080.4185, 3659582.343, 3659583.447)
10
(409072.091, 409080.4254, 3659583.334, 3659584.448)
10
(409062.4177, 409071.3397, 3659572.273, 3659573.434)
10
(409062.4305, 409071.3538, 3659573.315, 3659574.439)
10
(409062.4426, 409071.3683, 3659574.324, 3659575.477)
10
(409062.4552, 409071.3823, 3659575.359, 3659576.473)
10
(409062.4672, 409071.396, 3659576.357, 3659577.465)
10
(409062.4792, 409071.4102, 3659577.34, 3659578.478)
10
(409062.4915, 409071.4245, 3659578.357, 3659579.499)
10
(409062.5038, 409071.4388, 3659579.379, 3659580.519)
10
(409062.5161, 409071.4534, 3659580.399, 3659581.571)
10
(409062.5289, 409071.4677, 3659581.443, 3659582.578)
10
(409062.541, 409071.4816, 3659582.46, 3659583.576)
10
(409062.5531, 409071.4956, 3659583.455, 3659584.573)
10
(409052.9381, 409061.821, 3659572.39, 3659573.56)
10
(409052.9496, 409061.8331, 3659573.442, 3659574.562)
10
(409052.9604, 409061.8457, 3659574.447, 3659575.602)
10
(409052.9717, 409061.8577, 3659575.485, 3659576.597)
10
(409052.9824, 409061.8697, 3659576.481, 3659577.597)
10
(409052.9932, 409061.882, 3659577.473, 3659578.607)
10
(409053.0041, 409061.8943, 3659578.486, 3659579.627)
10
(409053.0151, 409061.9066, 3659579.507, 3659580.647)
10
(409053.0262, 409061.9194, 3659580.527, 3659581.707)
10
(409053.0376, 409061.9315, 3659581.58, 3659582.702)
10
(409053.0484, 409061.9436, 3659582.586, 3659583.704)
10
(409053.0592, 409061.9557, 3659583.584, 3659584.697)
10
(409043.6428, 409052.3401, 3659572.507, 3659573.684)
10
(409043.6575, 409052.3509, 3659573.569, 3659574.682)
10
(409043.6712, 409052.3621, 3659574.57, 3659575.724)
10
(409043.6856, 409052.3729, 3659575.61, 3659576.718)
10
(409043.6993, 409052.3837, 3659576.605, 3659577.727)
10
(409043.7132, 409052.3946, 3659577.606, 3659578.733)
10
(409043.7271, 409052.4056, 3659578.615, 3659579.751)
10
(409043.7411, 409052.4166, 3659579.635, 3659580.772)
10
(409043.7552, 409052.4281, 3659580.655, 3659581.84)
10
(409043.7699, 409052.4389, 3659581.716, 3659582.824)
10
(409043.7835, 409052.4497, 3659582.71, 3659583.829)
10
(409043.7973, 409052.4604, 3659583.712, 3659584.817)
10
(409034.2117, 409043.048, 3659572.622, 3659573.81)
10
(409034.2261, 409043.0618, 3659573.692, 3659574.804)
10
(409034.2393, 409043.0761, 3659574.69, 3659575.849)
10
(409034.2532, 409043.0898, 3659575.732, 3659576.841)
10
(409034.2664, 409043.1037, 3659576.726, 3659577.859)
10
(409034.28, 409043.1176, 3659577.736, 3659578.862)
10
(409034.2933, 409043.1316, 3659578.742, 3659579.878)
10
(409034.3069, 409043.1457, 3659579.76, 3659580.899)
10
(409034.3205, 409043.1604, 3659580.78, 3659581.976)
10
(409034.3348, 409043.174, 3659581.849, 3659582.948)
10
(409034.3477, 409043.1879, 3659582.832, 3659583.957)
10
(409034.3612, 409043.2015, 3659583.838, 3659584.94)
10
(409024.7544, 409033.6166, 3659572.738, 3659573.936)
10
(409024.7681, 409033.6298, 3659573.818, 3659574.926)
10
(409024.7806, 409033.6437, 3659574.811, 3659575.974)
10
(409024.7938, 409033.6569, 3659575.857, 3659576.964)
10
(409024.8063, 409033.6705, 3659576.849, 3659577.991)
10
(409024.8193, 409033.6838, 3659577.867, 3659578.99)
10
(409024.8319, 409033.6974, 3659578.87, 3659580.006)
10
(409024.8447, 409033.711, 3659579.887, 3659581.026)
10
(409024.8575, 409033.7253, 3659580.907, 3659582.112)
10
(409024.8712, 409033.7382, 3659581.984, 3659583.072)
10
(409024.8833, 409033.7517, 3659582.956, 3659584.085)
10
(409024.8961, 409033.7648, 3659583.965, 3659585.064)
10
(409015.3211, 409024.1586, 3659572.855, 3659574.062)
10
(409015.3349, 409024.1711, 3659573.944, 3659575.048)
10
(409015.3473, 409024.1843, 3659574.934, 3659576.098)
10
(409015.3606, 409024.1968, 3659575.982, 3659577.088)
10
(409015.3731, 409024.2098, 3659576.972, 3659578.123)
10
(409015.3861, 409024.2224, 3659578.0, 3659579.119)
10
(409015.3987, 409024.2352, 3659578.999, 3659580.133)
10
(409015.4115, 409024.248, 3659580.014, 3659581.153)
10
(409015.4243, 409024.2617, 3659581.034, 3659582.247)
10
(409015.4381, 409024.2738, 3659582.12, 3659583.196)
10
(409015.4501, 409024.2866, 3659583.08, 3659584.213)
10
(409015.4629, 409024.299, 3659584.093, 3659585.186)
10
(409109.8684, 409118.7445, 3659585.855, 3659587.162)
10
(409109.8871, 409118.7556, 3659587.056, 3659588.012)
10
(409109.9006, 409118.7692, 3659587.894, 3659589.035)
10
(409109.9167, 409118.7829, 3659588.919, 3659590.076)
10
(409109.9331, 409118.7961, 3659589.959, 3659591.075)
10
(409109.9489, 409118.8102, 3659590.956, 3659592.134)
10
(409109.9656, 409118.8236, 3659592.022, 3659593.147)
10
(409109.9816, 409118.8365, 3659593.029, 3659594.122)
10
(409109.997, 409118.8492, 3659594.009, 3659595.094)
10
(409110.0123, 409118.8636, 3659594.965, 3659596.174)
10
(409110.0293, 409118.8758, 3659596.056, 3659597.099)
10
(409110.0439, 409118.8894, 3659596.975, 3659598.122)
10
(409100.4644, 409109.2777, 3659585.984, 3659587.275)
10
(409100.4803, 409109.2911, 3659587.169, 3659588.138)
10
(409100.492, 409109.3072, 3659588.02, 3659589.157)
10
(409100.5059, 409109.3236, 3659589.043, 3659590.201)
10
(409100.52, 409109.3394, 3659590.084, 3659591.2)
10
(409100.5336, 409109.3561, 3659591.083, 3659592.253)
10
(409100.5479, 409109.3721, 3659592.142, 3659593.274)
10
(409100.5618, 409109.3875, 3659593.156, 3659594.243)
10
(409100.5749, 409109.4028, 3659594.13, 3659595.23)
10
(409100.5883, 409109.4199, 3659595.102, 3659596.3)
10
(409100.6029, 409109.4345, 3659596.182, 3659597.231)
10
(409100.6155, 409109.4506, 3659597.107, 3659598.246)
10
(409090.5307, 409099.8708, 3659586.111, 3659587.394)
10
(409090.5385, 409099.8825, 3659587.282, 3659588.271)
10
(409090.5445, 409099.8964, 3659588.146, 3659589.287)
10
(409090.5514, 409099.9105, 3659589.165, 3659590.333)
10
(409090.5586, 409099.9241, 3659590.209, 3659591.333)
10
(409090.5654, 409099.9384, 3659591.209, 3659592.38)
10
(409090.5725, 409099.9523, 3659592.261, 3659593.408)
10
(409090.5795, 409099.9654, 3659593.282, 3659594.372)
10
(409090.5861, 409099.9789, 3659594.251, 3659595.376)
10
(409090.593, 409099.9934, 3659595.239, 3659596.433)
10
(409090.6002, 409100.006, 3659596.308, 3659597.371)
10
(409090.6066, 409100.0198, 3659597.239, 3659598.379)
10
(409081.0488, 409089.929, 3659586.246, 3659587.507)
10
(409081.0566, 409089.935, 3659587.401, 3659588.397)
10
(409081.0626, 409089.9419, 3659588.279, 3659589.411)
10
(409081.0695, 409089.949, 3659589.295, 3659590.458)
10
(409081.0767, 409089.9559, 3659590.341, 3659591.46)
10
(409081.0835, 409089.963, 3659591.342, 3659592.5)
10
(409081.0906, 409089.97, 3659592.387, 3659593.535)
10
(409081.0977, 409089.9766, 3659593.416, 3659594.494)
10
(409081.1042, 409089.9834, 3659594.38, 3659595.513)
10
(409081.1111, 409089.9906, 3659595.384, 3659596.56)
10
(409081.1183, 409089.997, 3659596.441, 3659597.504)
10
(409081.1247, 409090.0039, 3659597.379, 3659598.504)
10
(409072.1336, 409080.447, 3659586.375, 3659587.614)
10
(409072.1493, 409080.4531, 3659587.515, 3659588.516)
10
(409072.162, 409080.46, 3659588.405, 3659589.527)
10
(409072.1761, 409080.4671, 3659589.419, 3659590.576)
10
(409072.1908, 409080.474, 3659590.466, 3659591.579)
10
(409072.2048, 409080.481, 3659591.468, 3659592.612)
10
(409072.2193, 409080.4881, 3659592.507, 3659593.654)
10
(409072.2338, 409080.4946, 3659593.543, 3659594.608)
10
(409072.2472, 409080.5016, 3659594.502, 3659595.642)
10
(409072.2616, 409080.5087, 3659595.522, 3659596.678)
10
(409072.2761, 409080.5152, 3659596.568, 3659597.627)
10
(409072.2894, 409080.522, 3659597.512, 3659598.62)
10
(409062.5899, 409071.5398, 3659586.495, 3659587.728)
10
(409062.6033, 409071.5525, 3659587.621, 3659588.643)
10
(409062.6144, 409071.5666, 3659588.524, 3659589.651)
10
(409062.6266, 409071.5813, 3659589.535, 3659590.702)
10
(409062.6393, 409071.5953, 3659590.584, 3659591.706)
10
(409062.6514, 409071.6098, 3659591.587, 3659592.733)
10
(409062.6639, 409071.6243, 3659592.62, 3659593.783)
10
(409062.6766, 409071.6377, 3659593.663, 3659594.73)
10
(409062.688, 409071.6522, 3659594.615, 3659595.781)
10
(409062.7007, 409071.6666, 3659595.651, 3659596.805)
10
(409062.7131, 409071.6799, 3659596.686, 3659597.761)
10
(409062.7247, 409071.6938, 3659597.636, 3659598.747)
10
(409053.092, 409061.9938, 3659586.625, 3659587.842)
10
(409053.1039, 409062.0049, 3659587.736, 3659588.77)
10
(409053.1139, 409062.0171, 3659588.651, 3659589.775)
10
(409053.1248, 409062.0298, 3659589.659, 3659590.828)
10
(409053.1362, 409062.0419, 3659590.71, 3659591.833)
10
(409053.147, 409062.0544, 3659591.714, 3659592.854)
10
(409053.158, 409062.0671, 3659592.741, 3659593.91)
10
(409053.1695, 409062.0785, 3659593.791, 3659594.853)
10
(409053.1796, 409062.0912, 3659594.738, 3659595.919)
10
(409053.1912, 409062.1036, 3659595.789, 3659596.932)
10
(409053.2021, 409062.1152, 3659596.813, 3659597.894)
10
(409053.2125, 409062.1271, 3659597.77, 3659598.872)
10
(409043.8393, 409052.4944, 3659586.754, 3659587.953)
10
(409043.8542, 409052.5044, 3659587.849, 3659588.893)
10
(409043.8671, 409052.5153, 3659588.778, 3659589.896)
10
(409043.881, 409052.5266, 3659589.783, 3659590.951)
10
(409043.8955, 409052.5375, 3659590.836, 3659591.957)
10
(409043.9094, 409052.5485, 3659591.841, 3659592.971)
10
(409043.9233, 409052.5599, 3659592.861, 3659594.034)
10
(409043.938, 409052.5701, 3659593.919, 3659594.971)
10
(409043.9509, 409052.5816, 3659594.86, 3659596.053)
10
(409043.9658, 409052.5926, 3659595.927, 3659597.055)
10
(409043.9797, 409052.603, 3659596.94, 3659598.023)
10
(409043.993, 409052.6136, 3659597.903, 3659598.994)
10
(409034.4017, 409043.2447, 3659586.879, 3659588.066)
10
(409034.4159, 409043.2577, 3659587.96, 3659589.019)
10
(409034.4286, 409043.2715, 3659588.901, 3659590.019)
10
(409034.4419, 409043.286, 3659589.903, 3659591.076)
10
(409034.456, 409043.2999, 3659590.959, 3659592.083)
10
(409034.4694, 409043.3139, 3659591.965, 3659593.09)
10
(409034.4828, 409043.3285, 3659592.978, 3659594.161)
10
(409034.4971, 409043.3414, 3659594.043, 3659595.093)
10
(409034.5095, 409043.3564, 3659594.979, 3659596.19)
10
(409034.5241, 409043.3702, 3659596.061, 3659597.181)
10
(409034.5373, 409043.3835, 3659597.063, 3659598.156)
10
(409034.5503, 409043.3969, 3659598.032, 3659599.119)
10
(409024.9345, 409033.8064, 3659587.007, 3659588.179)
10
(409024.9478, 409033.8191, 3659588.073, 3659589.145)
10
(409024.9599, 409033.8324, 3659589.027, 3659590.142)
10
(409024.9725, 409033.8465, 3659590.027, 3659591.201)
10
(409024.9859, 409033.8599, 3659591.084, 3659592.209)
10
(409024.9986, 409033.8733, 3659592.091, 3659593.21)
10
(409025.0112, 409033.8876, 3659593.098, 3659594.288)
10
(409025.0248, 409033.9, 3659594.169, 3659595.214)
10
(409025.0365, 409033.9146, 3659595.1, 3659596.327)
10
(409025.0505, 409033.9278, 3659596.198, 3659597.308)
10
(409025.0629, 409033.9408, 3659597.189, 3659598.288)
10
(409025.0752, 409033.9536, 3659598.164, 3659599.244)
10
(409015.5013, 409024.3382, 3659587.135, 3659588.293)
10
(409015.5144, 409024.3504, 3659588.187, 3659589.271)
10
(409015.5267, 409024.363, 3659589.154, 3659590.265)
10
(409015.5393, 409024.3764, 3659590.15, 3659591.326)
10
(409015.5526, 409024.3891, 3659591.209, 3659592.335)
10
(409015.5654, 409024.4017, 3659592.217, 3659593.33)
10
(409015.5779, 409024.4153, 3659593.218, 3659594.415)
10
(409015.5916, 409024.427, 3659594.297, 3659595.336)
10
(409015.6032, 409024.441, 3659595.222, 3659596.464)
10
(409015.6174, 409024.4534, 3659596.336, 3659597.434)
10
(409015.6297, 409024.4657, 3659597.316, 3659598.42)
10
(409015.6421, 409024.4778, 3659598.297, 3659599.368)
10
