sensor_ID	sensor_observation	absolute_sensor_position_x	absolute_sensor_position_y	absolute_sensor_position_z	sampling_time_utc	sampling_date	left_utc	left_elevation	left_long	left_lat	long_zone	lat_zone	left_utm_x	left_utm_y	right_utc	right_elevation	right_long	right_lat	right_utm_x	right_utm_y	sensor_offset_x_from_left_gps	sensor_offset_y_from_left_gps	sensor_offset_z_from_left_gps	sensor_observation_2
GSK_5239J00113	0.7690	705786.3336	4334229.8018	312.39	18:18:47.4	2015/05/19	181847.4	312.42	-96.6191868	39.1329540	14	S	705784.7387	4334230.0972	181847.4	312.36	-96.6191583	39.1329532	705787.1989	4334230.0729	1.6	-0.28	1.048	0.7690
GSK_5239J00111	0.5190	705785.6246	4334229.8088	312.39	18:18:47.4	2015/05/19	181847.4	312.42	-96.6191868	39.1329540	14	S	705784.7387	4334230.0972	181847.4	312.36	-96.6191583	39.1329532	705787.1989	4334230.0729	0.89	-0.28	1.048	0.3170
GSK_5239J00113	0.8480	705786.3336	4334229.8018	312.39	18:18:47.4	2015/05/19	181847.4	312.42	-96.6191868	39.1329540	14	S	705784.7387	4334230.0972	181847.4	312.36	-96.6191583	39.1329532	705787.1989	4334230.0729	1.6	-0.28	1.048	0.8480
GSK_5239J00111	0.5120	705785.6243	4334229.8097	312.39	18:18:47.6	2015/05/19	181847.6	312.42	-96.6191868	39.1329540	14	S	705784.7387	4334230.0972	181847.6	312.36	-96.6191583	39.1329532	705787.1974	4334230.0747	0.89	-0.28	1.048	0.3220
GSK_5239J00113	0.8510	705786.3328	4334229.8032	312.39	18:18:47.6	2015/05/19	181847.6	312.42	-96.6191868	39.1329540	14	S	705784.7387	4334230.0972	181847.6	312.36	-96.6191583	39.1329532	705787.1974	4334230.0747	1.6	-0.28	1.048	0.8510
GSK_5239J00111	0.4130	705785.6244	4334229.8100	312.39	18:18:47.8	2015/05/19	181847.8	312.42	-96.6191868	39.1329540	14	S	705784.7386	4334230.0990	181847.8	312.36	-96.6191583	39.1329532	705787.1989	4334230.0729	0.89	-0.28	1.048	0.4150
GSK_5239J00113	0.7910	705786.3334	4334229.8024	312.39	18:18:47.8	2015/05/19	181847.8	312.42	-96.6191868	39.1329540	14	S	705784.7386	4334230.0990	181847.8	312.36	-96.6191583	39.1329532	705787.1989	4334230.0729	1.6	-0.28	1.048	0.7910
GSK_5239J00111	0.4230	705785.6244	4334229.8100	312.39	18:18:47.8	2015/05/19	181847.8	312.42	-96.6191868	39.1329540	14	S	705784.7386	4334230.0990	181847.8	312.36	-96.6191583	39.1329532	705787.1989	4334230.0729	0.89	-0.28	1.048	0.4050
GSK_5239J00113	0.7820	705786.3334	4334229.8024	312.39	18:18:47.8	2015/05/19	181847.8	312.42	-96.6191868	39.1329540	14	S	705784.7386	4334230.0990	181847.8	312.36	-96.6191583	39.1329532	705787.1989	4334230.0729	1.6	-0.28	1.048	0.7820
GSK_5239J00111	0.4930	705785.6244	4334229.8091	312.39	18:18:48.0	2015/05/19	181848.0	312.42	-96.6191868	39.1329540	14	S	705784.7372	4334230.0971	181848.0	312.36	-96.6191583	39.1329532	705787.2003	4334230.0748	0.89	-0.28	1.048	0.3400
GSK_5239J00113	0.8770	705786.3342	4334229.8027	312.39	18:18:48.0	2015/05/19	181848.0	312.42	-96.6191868	39.1329540	14	S	705784.7372	4334230.0971	181848.0	312.36	-96.6191583	39.1329532	705787.2003	4334230.0748	1.6	-0.28	1.048	0.8770
GSK_5239J00111	0.5090	705785.6251	4334229.8105	312.39	18:18:48.2	2015/05/19	181848.2	312.42	-96.6191868	39.1329540	14	S	705784.7386	4334230.0990	181848.0	312.36	-96.6191583	39.1329532	705787.2003	4334230.0748	0.89	-0.28	1.048	0.3260
GSK_5239J00113	0.8210	705786.3345	4334229.8035	312.39	18:18:48.2	2015/05/19	181848.2	312.42	-96.6191868	39.1329540	14	S	705784.7386	4334230.0990	181848.0	312.36	-96.6191583	39.1329532	705787.2003	4334230.0748	1.6	-0.28	1.048	0.8210
GSK_5239J00111	0.4600	705785.6246	4334229.8106	312.39	18:18:48.2	2015/05/19	181848.2	312.42	-96.6191868	39.1329540	14	S	705784.7386	4334230.0990	181848.2	312.36	-96.6191583	39.1329532	705787.1989	4334230.0747	0.89	-0.28	1.048	0.3700
GSK_5239J00113	0.7590	705786.3336	4334229.8036	312.39	18:18:48.2	2015/05/19	181848.2	312.42	-96.6191868	39.1329540	14	S	705784.7386	4334230.0990	181848.2	312.36	-96.6191583	39.1329532	705787.1989	4334230.0747	1.6	-0.28	1.048	0.7590
GSK_5239J00111	0.4670	705785.6260	4334229.8107	312.39	18:18:48.4	2015/05/19	181848.4	312.42	-96.6191867	39.1329540	14	S	705784.7401	4334230.0991	181848.4	312.36	-96.6191583	39.1329532	705787.2003	4334230.0748	0.89	-0.28	1.048	0.3630
GSK_5239J00113	0.8260	705786.3350	4334229.8037	312.39	18:18:48.4	2015/05/19	181848.4	312.42	-96.6191867	39.1329540	14	S	705784.7401	4334230.0991	181848.4	312.36	-96.6191583	39.1329532	705787.2003	4334230.0748	1.6	-0.28	1.048	0.8260
GSK_5239J00111	0.5210	705785.6260	4334229.8107	312.39	18:18:48.4	2015/05/19	181848.4	312.42	-96.6191867	39.1329540	14	S	705784.7401	4334230.0991	181848.4	312.36	-96.6191583	39.1329532	705787.2003	4334230.0748	0.89	-0.28	1.048	0.3150
GSK_5239J00113	0.8420	705786.3350	4334229.8037	312.39	18:18:48.4	2015/05/19	181848.4	312.42	-96.6191867	39.1329540	14	S	705784.7401	4334230.0991	181848.4	312.36	-96.6191583	39.1329532	705787.2003	4334230.0748	1.6	-0.28	1.048	0.8420
GSK_5239J00111	0.5200	705785.6247	4334229.8091	312.39	18:18:48.6	2015/05/19	181848.6	312.42	-96.6191868	39.1329540	14	S	705784.7387	4334230.0953	181848.6	312.36	-96.6191583	39.1329532	705787.1974	4334230.0765	0.89	-0.28	1.048	0.3160
GSK_5239J00113	0.8200	705786.3333	4334229.8037	312.39	18:18:48.6	2015/05/19	181848.6	312.42	-96.6191868	39.1329540	14	S	705784.7387	4334230.0953	181848.6	312.36	-96.6191583	39.1329532	705787.1974	4334230.0765	1.6	-0.28	1.048	0.8200
GSK_5239J00111	0.4620	705785.6250	4334229.8080	312.39	18:18:48.8	2015/05/19	181848.8	312.42	-96.6191868	39.1329540	14	S	705784.7388	4334230.0935	181848.6	312.36	-96.6191583	39.1329532	705787.1974	4334230.0765	0.89	-0.28	1.048	0.3680
GSK_5239J00113	0.7890	705786.3335	4334229.8031	312.39	18:18:48.8	2015/05/19	181848.8	312.42	-96.6191868	39.1329540	14	S	705784.7388	4334230.0935	181848.6	312.36	-96.6191583	39.1329532	705787.1974	4334230.0765	1.6	-0.28	1.048	0.7890
GSK_5239J00111	0.4950	705785.6266	4334229.8075	312.39	18:18:48.8	2015/05/19	181848.8	312.42	-96.6191868	39.1329540	14	S	705784.7388	4334230.0935	181848.8	312.36	-96.6191583	39.1329532	705787.2017	4334230.0767	0.89	-0.28	1.048	0.3380
GSK_5239J00113	0.8380	705786.3363	4334229.8027	312.39	18:18:48.8	2015/05/19	181848.8	312.42	-96.6191868	39.1329540	14	S	705784.7388	4334230.0935	181848.8	312.36	-96.6191583	39.1329532	705787.2017	4334230.0767	1.6	-0.28	1.048	0.8380
GSK_5239J00111	0.5270	705785.6251	4334229.8105	312.4	18:18:49.0	2015/05/19	181849.0	312.42	-96.6191868	39.1329540	14	S	705784.7386	4334230.0990	181849.0	312.37	-96.6191583	39.1329532	705787.2003	4334230.0748	0.89	-0.28	1.048	0.3100
GSK_5239J00113	0.8680	705786.3345	4334229.8035	312.4	18:18:49.0	2015/05/19	181849.0	312.42	-96.6191868	39.1329540	14	S	705784.7386	4334230.0990	181849.0	312.37	-96.6191583	39.1329532	705787.2003	4334230.0748	1.6	-0.28	1.048	0.8680
GSK_5239J00111	0.5180	705785.6268	4334229.8094	312.39	18:18:49.2	2015/05/19	181849.2	312.42	-96.6191867	39.1329540	14	S	705784.7401	4334230.0972	181849.2	312.36	-96.6191583	39.1329532	705787.2017	4334230.0748	0.89	-0.28	1.048	0.3180
GSK_5239J00113	0.8470	705786.3361	4334229.8029	312.39	18:18:49.2	2015/05/19	181849.2	312.42	-96.6191867	39.1329540	14	S	705784.7401	4334230.0972	181849.2	312.36	-96.6191583	39.1329532	705787.2017	4334230.0748	1.6	-0.28	1.048	0.8470
GSK_5239J00111	0.4660	705785.6268	4334229.8094	312.39	18:18:49.2	2015/05/19	181849.2	312.42	-96.6191867	39.1329540	14	S	705784.7401	4334230.0972	181849.2	312.36	-96.6191583	39.1329532	705787.2017	4334230.0748	0.89	-0.28	1.048	0.3640
GSK_5239J00113	0.8020	705786.3361	4334229.8029	312.39	18:18:49.2	2015/05/19	181849.2	312.42	-96.6191867	39.1329540	14	S	705784.7401	4334230.0972	181849.2	312.36	-96.6191583	39.1329532	705787.2017	4334230.0748	1.6	-0.28	1.048	0.8020
GSK_5239J00111	0.5150	705785.6265	4334229.8102	312.39	18:18:49.2	2015/05/19	181849.2	312.42	-96.6191867	39.1329540	14	S	705784.7401	4334230.0972	181849.4	312.36	-96.6191583	39.1329532	705787.2003	4334230.0766	0.89	-0.28	1.048	0.3200
GSK_5239J00113	0.8480	705786.3354	4334229.8042	312.39	18:18:49.2	2015/05/19	181849.2	312.42	-96.6191867	39.1329540	14	S	705784.7401	4334230.0972	181849.4	312.36	-96.6191583	39.1329532	705787.2003	4334230.0766	1.6	-0.28	1.048	0.8480
GSK_5239J00111	0.5160	705785.6253	4334229.8111	312.39	18:18:49.4	2015/05/19	181849.4	312.42	-96.6191868	39.1329540	14	S	705784.7386	4334230.0990	181849.6	312.36	-96.6191583	39.1329532	705787.2003	4334230.0766	0.89	-0.28	1.048	0.3190
GSK_5239J00113	0.8370	705786.3347	4334229.8047	312.39	18:18:49.4	2015/05/19	181849.4	312.42	-96.6191868	39.1329540	14	S	705784.7386	4334230.0990	181849.6	312.36	-96.6191583	39.1329532	705787.2003	4334230.0766	1.6	-0.28	1.048	0.8370
GSK_5239J00111	0.4980	705785.6248	4334229.8113	312.39	18:18:49.6	2015/05/19	181849.6	312.42	-96.6191868	39.1329540	14	S	705784.7386	4334230.0990	181849.8	312.36	-96.6191583	39.1329532	705787.1988	4334230.0766	0.89	-0.28	1.048	0.3350
GSK_5239J00113	0.8090	705786.3337	4334229.8049	312.39	18:18:49.6	2015/05/19	181849.6	312.42	-96.6191868	39.1329540	14	S	705784.7386	4334230.0990	181849.8	312.36	-96.6191583	39.1329532	705787.1988	4334230.0766	1.6	-0.28	1.048	0.8090
GSK_5239J00111	0.5490	705785.6239	4334229.8112	312.39	18:18:49.8	2015/05/19	181849.8	312.42	-96.6191868	39.1329540	14	S	705784.7372	4334230.0990	181849.8	312.36	-96.6191583	39.1329532	705787.1988	4334230.0766	0.89	-0.28	1.048	0.2910
GSK_5239J00113	0.8440	705786.3332	4334229.8047	312.39	18:18:49.8	2015/05/19	181849.8	312.42	-96.6191868	39.1329540	14	S	705784.7372	4334230.0990	181849.8	312.36	-96.6191583	39.1329532	705787.1988	4334230.0766	1.6	-0.28	1.048	0.8440
GSK_5239J00111	0.5010	705785.6256	4334229.8100	312.39	18:18:50.0	2015/05/19	181850.0	312.42	-96.6191868	39.1329540	14	S	705784.7387	4334230.0972	181850.0	312.36	-96.6191583	39.1329532	705787.2003	4334230.0766	0.89	-0.28	1.048	0.3320
GSK_5239J00113	0.8720	705786.3349	4334229.8041	312.39	18:18:50.0	2015/05/19	181850.0	312.42	-96.6191868	39.1329540	14	S	705784.7387	4334230.0972	181850.0	312.36	-96.6191583	39.1329532	705787.2003	4334230.0766	1.6	-0.28	1.048	0.8720
